AF
 -54.67720  -0.03883
 -54.45120   0.44318
 -54.83220   0.96453
 -54.39900   1.69481
 -54.03740   2.35975
 -53.65070   3.02542
 -53.83410   3.36894
 -54.12670   3.95638
 -54.43030   4.41458
 -54.16160   4.82661
 -54.30930   5.08372
 -54.54290   5.49469
 -54.11450   6.18373
 -53.81420   6.62540
 -54.10120   7.23729
 -54.39600   7.77235
 -54.03260   8.28834
 -53.66800   8.79876
 -53.23260   9.42869
 -52.79230   9.99306
 -53.06550  10.54240
 -53.33200  10.97480
 -52.78290  11.70840
 -52.37500  12.29890
 -51.96290  12.89510
 -52.14100  13.20420
 -52.47690  13.78760
 -51.99710  14.46330
 -52.30750  15.11240
 -52.08360  15.42800
 -51.78700  15.82230
 -52.16930  16.90720
 -52.46690  17.80630
 -52.73430  18.53740
 -52.55290  18.71250
 -52.81670  19.99380
 -52.90880  21.25040
 -53.05120  22.50420
 -53.09770  23.07530
 -53.20040  23.02140
 -53.30860  23.88620
 -53.42150  24.68510
 -53.34530  24.87260
 -53.44410  25.17970
 -53.41000  25.64750
 -53.47990  25.86140
 -53.58180  25.98690
 -53.42880  26.18090
 -53.06500  26.33820
 -52.62010  26.51290
 -52.37800  26.71310
 -52.54720  27.32210
 -52.67300  27.37040
 -52.77080  27.47950
 -52.90370  28.11080
 -52.54000  28.31220
 -52.27710  28.40270
 -51.77160  28.60540
 -51.13730  28.96880
 -50.50700  29.34310
 -49.93350  29.71150
 -49.61080  30.00600
 -49.21550  30.36170
 -49.01060  30.70460
 -48.58710  31.00810
 -48.16270  31.30650
 -47.68220  31.58850
 -47.20110  31.86540
 -46.99980  32.12580
 -46.99750  32.12520
 -46.19110  32.66260
 -45.38180  33.17060
 -44.56070  33.67750
 -43.74670  34.15680
 -42.93070  34.63600
 -42.10320  35.08980
 -41.25370  35.52800
 -40.40260  35.95500
 -39.55000  36.37130
 -38.69590  36.77740
 -37.84040  37.17400
 -36.98370  37.56150
 -25.99361  36.14000
 -21.73694  33.15086
 -19.68060  33.28180
 -19.35030  33.61310
 -19.01940  33.94300
 -18.68790  34.27160
 -18.30438  34.48062
 -17.57258  34.57710
 -16.83211  34.57021
 -15.87664  33.74395
 -10.00000  32.00000
  -9.00000  29.50000
  -6.56777  28.42498
  -5.93082  28.71750
  -5.18161  28.72106
  -4.44671  28.55333
  -3.73471  28.36212
  -3.00724  28.25067
  -2.29188  28.29790
  -1.60824  28.51352
  -0.97287  28.87590
  -0.33016  29.22138
   0.36381  29.46895
   1.02096  29.79636
   1.59849  30.21855
   2.19104  30.61872
   2.70705  30.85542
   2.81209  30.47830
   3.52370  30.47480
   4.23531  30.47130
   6.00000  31.00000
   5.56120  35.95212
   6.13448  36.30847
   6.30883  36.61646
   6.43849  36.94743
   6.60208  37.26595
   6.81611  37.55324
   7.06368  37.80925
   7.31675  38.06018
   7.55821  38.32106
   7.79928  38.58228
   8.05837  38.83840
   8.33310  39.07770
   8.45580  39.17912
   8.57224  39.28747
   8.64318  39.35780
   8.72387  39.41636
   8.86174  39.47501
   9.00216  39.52781
   9.14366  39.59914
   9.28520  39.67074
   9.62364  39.77774
   9.97759  39.81217
  10.31092  39.82250
  10.63411  39.76416
  10.77913  39.69801
  10.93240  39.65682
  11.09595  39.64962
  11.25977  39.64846
  11.61844  39.64475
  11.97706  39.64931
  12.35952  39.68215
  12.73656  39.75484
  13.11403  39.84733
  13.49409  39.92810
  13.86680  39.97297
  14.24191  39.98968
  14.59129  39.92160
  14.92574  39.78683
  15.27892  39.66537
  15.63704  39.55949
  15.77160  39.67070
  16.30400  40.17160
  16.78510  40.25120
  17.26620  40.33130
  17.94940  39.98670
  18.41930  39.58990
  19.02980  39.29780
  19.44750  38.82610
  19.90750  38.39570
  20.38910  38.07450
  21.02130  37.97470
  21.84340  37.82530
  22.49450  37.53980
  23.22590  37.04250
  23.63920  36.57110
  24.13270  36.40730
  24.62600  36.24220
  25.05530  36.06610
  25.48440  35.88880
  25.91910  35.54560
  26.35300  35.19990
  26.80780  34.87480
  28.00000  33.00000
  29.25000  32.50000
  29.25000  30.50000
  30.25000  30.50000
  31.50000  32.00000
  34.01461  31.99235
  34.02687  31.66204
  34.09755  31.33745
  34.29495  30.66127
  34.41301  29.96962
  34.37947  29.61169
  34.27139  29.26869
  34.10474  28.97427
  33.89226  28.71053
  33.79547  28.59526
  33.71350  28.46931
  33.63993  28.33755
  33.53289  28.23327
  33.40865  28.16692
  33.29221  28.08759
  33.18398  27.95196
  33.10746  27.79576
  32.99702  27.45779
  32.86210  27.12991
  32.77007  26.99054
  32.67638  26.85198
  32.58114  26.68464
  32.49882  26.51056
  32.38664  26.15244
  32.36409  25.77864
  32.45063  25.44454
  32.60474  25.13411
  32.67982  24.98472
  32.73897  24.82848
  32.77084  24.65247
  32.77811  24.47352
  32.78670  24.31806
  32.82902  24.16917
  32.92929  24.02972
  33.03775  23.89413
  33.26300  23.24410
  33.29028  22.55044
  33.26915  22.22864
  33.25740  21.90645
  33.29082  21.55250
  33.36749  21.20529
  33.39472  21.04819
  33.39371  20.88816
  33.38555  20.73223
  33.40497  20.57808
  33.43127  20.51623
  33.47092  20.46196
  33.52872  20.41650
  33.58566  20.37097
  33.66264  20.25028
  33.71873  20.11756
  33.78279  19.98469
  33.87296  19.86841
  34.00390  19.76017
  34.12993  19.64660
  34.26245  19.38054
  34.01670  19.13030
  33.38290  18.43480
  32.74520  17.74930
  32.10390  17.07370
  31.72656  16.72314
  31.62320  16.76213
  31.52081  16.84101
  31.43860  16.94220
  31.33335  17.02073
  31.20210  17.04332
  31.05092  17.03551
  30.90029  17.02007
  30.87136  17.00274
  30.87178  16.96123
  30.87182  16.91915
  30.87368  16.87714
  30.88258  16.79482
  30.89782  16.71343
  31.01441  16.37848
  31.16960  16.05834
  30.81070  15.75040
  31.30670  14.81140
  31.79580  13.86250
  32.27780  12.90350
  32.75240  11.93440
  33.21950  10.95500
  33.67890   9.96522
  34.13030   8.96486
  34.13944   8.80201
  34.18400   8.45193
  34.29174   8.11655
  34.45362   7.80794
  34.61501   7.49902
  34.73941   7.19389
  34.86622   6.88934
  35.01232   6.58618
  35.16492   6.28624
  35.50769   5.62874
  35.80133   4.94866
  35.90330   4.60910
  35.99900   4.26761
  36.05564   4.09675
  36.12294   3.92983
  36.19223   3.78817
  36.25029   3.64211
  36.24147   3.32027
  36.13223   3.01196
  36.00357   2.72579
  35.85503   2.44944
  35.70207   2.16195
  35.58750   1.85724
  35.49860   1.50209
  35.40909   1.14706
  34.97147  -0.24119
  34.42515  -1.58975
  34.07050  -1.71301
  33.62647  -1.87336
  33.14543  -2.07071
  32.68906  -2.34206
  32.28204  -2.51474
  31.73933  -2.78609
  31.25829  -3.04511
  30.85126  -3.43981
  30.53057  -3.73583
  30.24689  -4.20453
  30.08654  -4.53756
  30.13588  -5.00626
  30.43190  -5.31461
  30.87593  -5.58597
  31.41864  -5.80798
  31.89967  -5.95599
  32.36838  -6.12867
  32.89875  -6.36302
  33.42912  -6.54804
  33.84848  -6.70838
  34.36652  -6.90573
  34.75218  -7.14871
  34.69458  -7.81502
  34.65129  -8.48087
  34.67791  -8.65703
  34.71640  -8.83106
  34.75968  -8.99338
  34.82513  -9.14722
  35.08392  -9.39874
  35.40661  -9.57064
  35.47292  -9.60503
  35.49025  -9.66921
  35.47071  -9.73798
  35.44499  -9.80483
  35.37876  -9.95917
  35.30937 -10.11220
  35.23595 -10.27691
  35.17862 -10.44758
  35.15765 -10.61059
  35.14972 -10.77542
  35.14465 -11.47314
  35.26233 -12.15969
  35.50147 -12.85629
  35.68529 -13.56770
  35.61864 -14.31502
  35.33869 -15.01792
  35.18496 -15.36889
  35.06760 -15.73325
  35.01677 -16.08251
  35.02017 -16.43569
  35.20349 -17.13446
  35.54115 -17.77737
  35.98728 -18.37850
  36.48254 -18.94257
  36.91385 -19.54107
  37.02510 -19.68230
  36.95430 -20.24030
  36.88090 -20.79730
  36.81970 -21.50720
  36.75430 -22.21600
  36.70200 -22.89330
  36.64590 -23.56970
  36.75480 -24.04560
  36.78850 -24.14610
  36.78100 -24.25540
  36.79250 -24.31110
  36.86330 -24.38460
  36.91050 -24.43370
  36.97070 -24.50020
  37.01720 -24.55410
  37.09460 -24.63450
  37.12670 -24.68050
  37.21740 -24.74950
  37.27330 -24.73790
  37.35190 -24.70220
  37.41100 -24.66690
  37.46730 -24.73320
  37.50010 -24.77480
  37.53280 -24.81640
  37.55190 -24.84510
  37.58390 -24.89150
  37.60910 -24.93150
  37.64410 -24.98350
  37.64630 -25.10130
  37.76920 -25.26710
  37.66330 -25.35470
  37.71850 -25.42650
  37.75170 -25.46380
  37.81810 -25.53840
  37.72250 -25.63320
  37.79020 -25.69840
  37.81590 -25.73410
  37.87830 -25.80810
  37.83860 -25.91620
  37.93550 -26.04320
  37.96550 -26.07520
  38.03600 -26.17140
  38.04680 -26.30210
  38.11640 -26.37870
  38.14930 -26.41660
  38.22250 -26.49430
  38.25540 -26.53230
  38.32400 -26.61410
  38.35760 -26.64740
  38.42020 -26.71800
  38.27820 -26.82990
  38.36010 -26.90060
  38.40030 -26.94080
  38.46350 -27.00680
  38.49110 -27.02890
  38.57060 -27.08950
  38.60700 -27.12900
  38.66580 -27.17430
  38.69990 -27.20330
  38.77960 -27.23940
  38.78240 -27.48440
  38.83630 -27.55880
  38.81109 -27.60916
  38.76993 -27.89703
  38.72235 -28.22441
  38.67416 -28.57244
  38.61721 -28.91915
  38.48523 -29.57800
  38.35471 -30.23688
  38.38830 -30.43010
  38.40250 -30.60550
  37.68020 -31.07060
  37.70490 -31.37130
  37.28230 -31.51640
  37.39150 -32.28260
  37.13690 -32.39460
  37.17630 -32.64560
  37.03330 -32.70770
  37.06540 -32.94310
  36.91590 -33.00490
  36.94080 -33.22460
  36.69100 -33.31350
  36.74220 -33.59470
  36.18500 -33.77170
  36.22120 -33.98160
  36.07130 -34.05680
  36.07940 -34.14240
  35.61600 -34.33540
  35.62460 -34.45950
  35.01020 -34.74640
  35.14770 -35.55840
  35.27980 -36.37310
  34.69290 -36.62310
  34.71220 -36.78460
  34.55420 -36.86180
  34.56690 -37.04610
  34.12380 -37.24460
  34.13620 -37.33640
  33.70520 -37.53280
  33.73620 -37.67760
  33.50120 -37.79750
  33.63700 -38.59720
  33.76760 -39.39930
  33.06730 -39.58600
  33.08410 -39.69990
  32.44400 -40.12930
  31.80250 -40.55260
  31.81730 -40.71000
  31.19410 -41.18360
  31.23700 -41.43040
  30.60560 -41.78570
  29.97330 -42.13640
  30.06970 -42.72860
  29.47140 -43.03730
  29.46910 -43.08820
  28.80210 -43.48280
  28.81080 -43.56320
  28.10490 -43.94230
  28.10690 -44.02170
  27.67130 -44.20310
  27.23550 -44.38310
  27.25380 -44.50590
  26.76680 -44.68700
  26.27960 -44.86660
  26.27000 -44.81630
  26.05540 -44.89890
  26.08140 -45.09170
  25.63670 -45.29600
  25.19180 -45.49880
  25.25420 -45.79150
  24.59040 -46.11880
  24.59740 -46.19610
  23.91740 -46.47580
  23.78360 -45.69930
  23.64590 -44.92450
  22.96320 -45.02390
  22.97310 -45.06580
  22.38980 -45.15740
  21.80640 -45.24830
  21.82230 -45.38530
  21.24650 -45.51520
  21.22170 -45.41870
  20.59580 -45.55700
  20.61800 -45.77370
  19.80220 -45.93980
  19.82270 -46.00150
  19.37730 -46.09320
  18.93190 -46.18440
  18.93510 -46.22430
  18.42150 -46.31820
  18.42200 -46.39070
  17.58830 -46.52020
  17.56630 -46.40720
  17.08650 -46.49820
  16.60700 -46.58900
  16.58700 -46.52900
  16.01900 -46.64800
  15.45100 -46.76600
  15.36000 -45.94700
  15.26700 -45.13000
  14.64700 -45.13600
  14.02600 -45.14200
  13.99170 -45.06140
  13.33580 -45.04930
  12.67990 -45.03730
  12.62560 -44.26200
  12.10080 -44.27750
  12.08540 -43.88450
  11.50620 -43.90260
  10.92700 -43.92060
  10.90550 -43.44820
  10.88320 -42.97580
  10.86020 -42.50350
  10.83650 -42.03130
  10.81210 -41.55920
  10.78690 -41.08710
   9.97939 -41.08290
   9.97269 -40.86150
   9.38937 -40.86480
   9.37285 -40.64020
   8.84060 -40.65220
   8.81526 -40.11960
   8.21537 -40.14080
   8.19726 -39.66080
   8.17858 -39.18080
   8.15934 -38.70090
   8.13953 -38.22100
   7.70334 -38.20650
   7.67935 -37.53560
   7.65432 -36.86480
   7.40089 -36.85140
   7.36342 -36.05770
   7.02322 -36.04690
   6.93495 -35.36650
   6.61393 -35.36290
   6.61577 -34.49370
   6.61760 -33.62440
   6.10421 -33.62030
   6.07619 -33.51360
   5.64946 -33.50680
   5.64716 -32.97800
   4.80377 -32.91980
   3.96038 -32.86170
   3.98590 -32.38700
   4.01114 -31.91220
   4.03611 -31.43740
   4.06081 -30.96250
   3.25477 -30.88680
   2.44874 -30.81130
   1.64269 -30.73580
   1.60709 -30.02690
   0.79740 -29.92030
   0.84891 -29.20960
   0.95303 -28.34650
   1.00748 -27.83090
   1.06184 -27.31530
   1.15918 -26.47400
   0.49814 -26.28870
   0.55617 -25.65910
   0.61413 -25.02940
  -0.24459 -24.82060
  -1.10331 -24.61170
  -1.03387 -24.05070
  -0.96432 -23.48970
  -0.88040 -22.93550
  -0.79639 -22.38130
  -0.68022 -21.54370
  -0.58849 -21.01680
  -0.49671 -20.48990
  -0.33338 -19.67470
  -0.17611 -18.84970
  -0.07275 -18.36930
   0.03061 -17.88890
   0.14961 -17.32290
   0.26859 -16.75690
   0.29895 -16.49820
  -0.55620 -16.25220
  -0.51963 -16.03720
  -1.14320 -15.84060
  -1.07324 -15.56520
  -1.49342 -15.41030
  -1.30094 -14.65940
  -1.10824 -13.90870
  -0.91535 -13.15800
  -1.50722 -12.92980
  -2.09908 -12.70140
  -1.94545 -12.16410
  -2.40025 -11.99890
  -2.85504 -11.83360
  -3.01345 -12.02930
  -3.49273 -11.89750
  -3.97199 -11.76550
  -4.10303 -12.09680
  -4.58743 -12.03860
  -4.60882 -12.14450
  -5.02557 -12.01850
  -4.94231 -11.60440
  -5.41504 -11.51610
  -5.37706 -11.16690
  -5.93021 -11.02220
  -6.02023 -11.26710
  -6.75542 -11.18050
  -6.96082 -11.99330
  -7.16482 -12.80680
  -7.36740 -13.62100
  -7.88908 -13.48940
  -8.41071 -13.35740
  -8.37401 -13.19110
  -9.22523 -13.02300
  -9.27648 -13.24820
  -9.79444 -13.16630
  -9.82468 -13.31510
 -10.62310 -13.17360
 -11.42150 -13.03130
 -11.53870 -13.52430
 -11.65510 -14.01770
 -11.77060 -14.51150
 -11.88530 -15.00580
 -12.33900 -14.90770
 -12.31960 -14.86110
 -12.65620 -14.79100
 -12.57700 -14.55010
 -13.21810 -14.41020
 -13.26550 -14.59960
 -13.73660 -14.53910
 -14.20770 -14.47840
 -14.03550 -13.64280
 -14.84940 -13.43520
 -15.66320 -13.22610
 -15.68820 -13.38350
 -16.21170 -13.23860
 -16.32290 -13.77020
 -16.43270 -14.30240
 -16.76450 -14.23810
 -16.77700 -14.36880
 -17.38590 -14.22420
 -17.99460 -14.07860
 -17.89300 -13.51890
 -17.78980 -12.95980
 -18.28720 -12.85980
 -18.78450 -12.75930
 -18.74650 -12.47720
 -19.34090 -12.37030
 -19.93530 -12.26260
 -19.82480 -11.94460
 -20.27840 -11.85220
 -20.29910 -11.97080
 -21.17590 -11.76320
 -21.20910 -12.00660
 -21.73510 -11.84950
 -21.75220 -11.93590
 -22.15340 -11.81920
 -22.26710 -12.36430
 -22.37900 -12.91020
 -22.62980 -12.85110
 -22.73020 -13.33980
 -22.82920 -13.82930
 -23.54420 -13.66370
 -23.51430 -13.57030
 -24.14580 -13.42590
 -24.77710 -13.28010
 -24.88740 -13.81060
 -25.64800 -13.66320
 -25.73760 -14.04850
 -26.58560 -13.81560
 -26.56440 -13.68960
 -27.44290 -13.48230
 -28.32100 -13.27160
 -28.21330 -12.74560
 -28.94090 -12.53260
 -29.09800 -13.26240
 -29.25100 -13.99020
 -29.85150 -13.82010
 -29.82800 -13.71590
 -30.49130 -13.54280
 -31.15670 -13.36660
 -31.17910 -13.49880
 -31.66120 -13.37140
 -32.14320 -13.24530
 -32.27450 -13.88300
 -32.40020 -14.52290
 -32.89760 -14.44610
 -33.49890 -14.36680
 -33.56910 -14.70180
 -34.04340 -14.51510
 -34.23760 -15.27410
 -34.68980 -15.08340
 -34.77020 -15.26590
 -35.18240 -15.10000
 -35.34310 -16.02740
 -35.49940 -16.96190
 -35.66330 -17.70320
 -36.06840 -17.41910
 -36.47240 -17.08470
 -36.56230 -17.44040
 -36.94360 -17.33310
 -37.37440 -17.23350
 -37.47240 -17.53310
 -38.02510 -17.38780
 -38.44670 -17.05050
 -38.40120 -16.79850
 -38.55840 -16.36100
 -38.88340 -16.04380
 -39.35160 -15.96510
 -39.68070 -15.92240
 -39.79000 -16.41460
 -40.27290 -16.46980
 -40.36630 -16.86740
 -40.78970 -16.81660
 -41.17630 -16.74360
 -41.51910 -16.67800
 -41.80650 -16.33160
 -42.33770 -16.21460
 -42.86770 -16.42990
 -43.38700 -16.32960
 -43.68350 -16.24450
 -44.13190 -16.08560
 -44.58000 -15.92420
 -45.02790 -15.76030
 -45.47560 -15.59390
 -45.37140 -14.89400
 -45.89850 -14.71550
 -45.79720 -13.81000
 -46.68780 -13.57150
 -47.57780 -13.32510
 -47.47140 -12.61020
 -47.36050 -11.89820
 -47.24520 -11.18920
 -47.12560 -10.48340
 -47.64870 -10.29580
 -48.17150 -10.10450
 -48.69390  -9.90926
 -49.21600  -9.70992
 -49.09120  -8.92248
 -48.96100  -8.13908
 -49.28260  -8.02211
 -49.27020  -7.96086
 -50.05870  -7.63767
 -50.00130  -7.43284
 -50.60960  -7.15851
 -50.41710  -6.15983
 -50.21610  -5.16942
 -50.67490  -4.94334
 -51.13330  -4.71279
 -51.59120  -4.47762
 -52.04860  -4.23767
 -51.97880  -3.95559
 -52.76400  -3.44688
 -53.54690  -2.91952
 -54.32740  -2.37231
 -54.05330  -1.38220
 -54.45350  -0.91465
 -54.85180  -0.43790
