AM
  38.48460 137.84800
  38.98160 137.77400
  39.40430 137.84500
  39.65940 138.08500
  39.83240 138.35200
  40.07220 138.65500
  40.47440 138.65500
  40.78230 138.75600
  41.10300 138.47500
  41.48180 138.48900
  41.76930 138.74300
  42.54273 138.76122
  44.70000 138.75000
  46.58412 140.39962
  46.58192 141.46486
  47.39230 141.17800
  48.05120 142.02300
  54.00000 142.00000
  54.07420 141.27800
  54.10280 140.14500
  54.33280 139.21100
  54.58830 137.91800
  54.82990 136.61000
  55.06020 135.13800
  55.27260 133.65000
  55.49130 132.67400
  55.70220 131.68800
  55.86110 130.74700
  56.01270 129.79800
  56.40150 128.39300
  56.77410 126.96000
  57.12990 125.49900
  57.17810 124.57300
  57.21940 123.64500
  57.25380 122.71500
  57.28140 121.78400
  57.30210 120.85100
  57.31590 119.91800
  57.15090 119.02100
  56.97960 118.13300
  56.80210 117.25300
  56.61840 116.38200
  56.37775 115.89992
  56.25436 115.37368
  56.10624 114.85332
  56.01259 114.33961
  55.95928 113.81971
  55.89352 113.28272
  55.77573 112.75500
  55.58356 112.24455
  55.33409 111.75908
  54.97024 111.13791
  54.52809 110.57244
  54.27696 110.33903
  54.01609 110.11660
  53.77362 109.87143
  53.58470 109.58286
  53.31160 108.90629
  53.07343 108.21534
  52.52525 106.82307
  52.78690 107.52392
  52.52525 106.82307
  52.48897 106.68443
  52.45272 106.54579
  52.43050 106.36200
  52.09940 105.70500
  51.76480 105.05800
  51.42670 104.42000
  50.78600 104.90400
  50.14330 105.37500
  49.29210 105.58200
  48.44060 105.78100
  47.91020 105.91600
  47.37970 106.04800
  46.84900 106.17700
  46.31820 106.30400
  45.87480 106.46000
  45.43110 106.61400
  44.98730 106.76500
  44.54320 106.91400
  44.09900 107.06100
  45.50000 119.00000
  42.18780 122.73200
  41.53020 123.51000
  40.86750 124.27200
  40.19990 125.01900
  39.74150 125.19900
  39.28290 125.37600
  38.82400 125.55100
  38.36480 125.72300
  37.54130 125.91400
  37.43805 126.48220
  37.33364 127.63074
  37.20312 128.93590
  37.12481 130.31938
  37.04650 131.52013
  37.04650 133.11243
  36.99429 134.67863
  37.15091 136.11431
