AN
 -54.10120   7.23729
 -53.81420   6.62540
 -54.11450   6.18373
 -54.54290   5.49469
 -54.30930   5.08372
 -54.16160   4.82661
 -54.43030   4.41458
 -54.12670   3.95638
 -53.83410   3.36894
 -53.65070   3.02542
 -54.03740   2.35975
 -54.39900   1.69481
 -54.83220   0.96453
 -54.45120   0.44318
 -54.67720  -0.03883
 -54.85180  -0.43790
 -55.01900  -1.03898
 -55.12930  -1.60588
 -55.65290  -1.61369
 -55.65680  -2.07998
 -55.70720  -2.89625
 -55.73990  -3.72024
 -55.76940  -4.05601
 -55.80720  -4.69061
 -56.21020  -4.67546
 -56.59160  -4.69342
 -56.62700  -5.44832
 -56.67210  -6.05679
 -56.98230  -6.09431
 -57.24020  -6.13025
 -57.27000  -6.53815
 -57.31760  -6.99917
 -57.61720  -7.01278
 -57.86940  -7.00902
 -57.92040  -7.52477
 -57.98880  -8.60685
 -58.09150  -9.88532
 -58.15770 -11.18970
 -58.24060 -12.64890
 -58.31730 -13.95430
 -58.39040 -15.06890
 -58.43880 -15.97150
 -58.45930 -16.00470
 -58.76720 -16.22580
 -59.09840 -16.41000
 -59.09820 -16.91690
 -59.12890 -17.66700
 -59.15260 -18.06000
 -59.50930 -18.12330
 -59.54230 -18.43250
 -59.93760 -18.54720
 -60.25000 -18.64640
 -60.28910 -19.37050
 -60.81080 -19.58120
 -60.78170 -20.65100
 -60.74410 -21.71860
 -60.72320 -22.91370
 -60.69170 -24.10690
 -60.54500 -25.09350
 -60.39100 -26.07090
 -60.50600 -26.88950
 -60.61710 -27.69670
 -60.60100 -28.74330
 -60.57530 -29.73820
 -60.51180 -31.01390
 -60.40890 -32.36700
 -60.70090 -33.44640
 -60.98950 -34.82520
 -61.39200 -36.41810
 -61.24330 -37.56050
 -61.01800 -39.09300
 -60.63400 -39.82700
 -60.97500 -41.21360
 -60.80100 -42.06740
 -60.67610 -43.15090
 -60.57250 -44.22590
 -60.49150 -45.60340
 -60.35980 -46.96320
 -60.36840 -48.25070
 -60.44360 -49.59940
 -60.69360 -50.88710
 -60.87250 -51.11940
 -61.10270 -52.06810
 -61.23660 -53.12210
 -61.51020 -54.30070
 -61.68680 -55.43590
 -62.06270 -56.30560
 -62.30380 -57.38960
 -62.55330 -58.61430
 -62.94520 -60.11800
 -63.29280 -61.75010
 -63.00130 -62.41980
 -62.82470 -63.29160
 -62.42240 -63.96930
 -62.11000 -63.10530
 -61.84120 -62.20290
 -61.54310 -61.33230
 -61.36320 -60.65020
 -61.17680 -59.83600
 -61.08180 -58.89060
 -60.96150 -58.13080
 -60.85460 -57.49380
 -60.56470 -56.92500
 -59.99930 -58.22300
 -59.72850 -58.96980
 -59.45350 -59.70450
 -59.01050 -61.03990
 -58.60290 -62.57140
 -58.35920 -63.57070
 -57.95860 -64.61700
 -57.73630 -65.86720
 -57.50190 -67.10180
 -57.07170 -68.09720
 -56.85220 -69.25610
 -56.62200 -70.40110
 -56.25520 -71.54810
 -55.96240 -72.27720
 -55.66540 -72.99520
 -55.35900 -73.47990
 -55.00370 -74.12020
 -54.64510 -74.74920
 -54.29410 -75.23890
 -53.94120 -75.72030
 -53.43520 -76.01970
 -52.92850 -76.31210
 -52.06840 -76.48330
 -51.37750 -76.62570
 -50.72890 -76.75650
 -49.84460 -76.98980
 -49.19230 -77.02400
 -48.50650 -76.92550
 -47.87460 -76.64970
 -47.47770 -76.32100
 -47.07990 -75.99720
 -46.42200 -75.95810
 -45.65850 -76.00620
 -45.64270 -76.67460
 -45.76050 -77.66070
 -45.58850 -77.76400
 -45.09160 -77.99020
 -44.41110 -78.20650
 -44.54490 -78.89330
 -44.66550 -79.58580
 -44.78190 -80.28110
 -44.87600 -81.10650
 -44.96410 -81.93460
 -44.40400 -82.13770
 -43.63900 -82.35070
 -42.86070 -82.50890
 -42.98150 -83.44750
 -42.87300 -83.45380
 -42.22250 -83.60370
 -41.67370 -83.71620
 -41.12470 -83.82690
 -41.19090 -84.48700
 -41.25330 -85.14840
 -41.39250 -86.24010
 -41.52130 -87.33640
 -41.27290 -87.41710
 -41.31870 -88.44670
 -41.37810 -89.24960
 -41.43190 -90.05400
 -41.05850 -90.08760
 -41.08230 -90.73910
 -41.10250 -91.39100
 -40.73190 -91.47560
 -40.28240 -91.51220
 -39.83290 -91.54830
 -39.34930 -91.60350
 -38.86560 -91.65790
 -38.91840 -92.33970
 -38.96730 -93.02250
 -38.42940 -93.07480
 -38.48230 -93.99630
 -37.71700 -94.09310
 -37.00060 -94.12980
 -36.98510 -94.90950
 -36.96460 -95.68890
 -36.92090 -96.55150
 -36.87100 -97.41310
 -36.29360 -97.40170
 -36.19280 -98.41670
 -36.13320 -99.53180
 -36.06320 -100.64500
 -35.99700 -101.28600
 -35.92740 -101.92600
 -35.85440 -102.56500
 -35.77810 -103.20200
 -35.69440 -103.99800
 -35.60550 -104.79300
 -35.52360 -105.39100
 -35.43880 -105.98800
 -35.39350 -106.66600
 -35.34450 -107.34300
 -35.24040 -108.07100
 -35.13190 -108.79700
 -34.54460 -109.25900
 -34.60920 -109.69100
 -34.70190 -109.91900
 -34.81710 -110.14100
 -34.94600 -110.32600
 -35.06130 -110.52700
 -35.09080 -110.82700
 -35.31910 -110.87700
 -35.79670 -110.89500
 -35.83010 -110.57900
 -36.21860 -110.71500
 -36.35780 -110.73900
 -36.41020 -110.47100
 -37.04230 -110.66800
 -37.67410 -110.86900
 -38.27600 -111.06700
 -38.87760 -111.26800
 -38.97850 -111.27000
 -38.98580 -110.39100
 -39.57490 -110.53300
 -40.16380 -110.67700
 -40.75970 -110.75400
 -41.35550 -110.83200
 -42.24870 -110.95400
 -42.20040 -111.34900
 -42.68330 -111.53800
 -43.16590 -111.73000
 -43.77380 -111.97100
 -44.38110 -112.21600
 -44.93780 -112.38100
 -45.49420 -112.55000
 -45.83270 -112.67500
 -45.85440 -112.42600
 -46.53850 -112.68500
 -47.22210 -112.95000
 -47.77330 -113.13100
 -48.32420 -113.31500
 -48.84100 -113.52800
 -49.35740 -113.74500
 -49.84890 -113.87500
 -49.72100 -114.55600
 -49.58920 -115.23300
 -49.36750 -116.38800
 -49.89340 -116.80200
 -50.41780 -117.22500
 -50.87470 -117.52200
 -51.33090 -117.82400
 -51.77180 -118.12000
 -52.21200 -118.42200
 -52.75240 -118.87500
 -52.89740 -118.97700
 -53.12410 -117.66100
 -53.69080 -118.03700
 -54.35030 -118.31300
 -54.81850 -118.58100
 -54.64160 -119.68500
 -54.40980 -120.66300
 -55.21890 -121.22800
 -55.83210 -121.63500
 -56.02620 -121.86200
 -55.87310 -122.65500
 -55.71500 -123.44200
 -55.58730 -124.26200
 -55.45410 -125.07700
 -55.13820 -126.19700
 -55.06410 -126.80000
 -55.56540 -127.23100
 -55.32150 -128.62400
 -55.12860 -129.34500
 -54.93140 -130.05900
 -54.62290 -131.37500
 -54.43230 -132.12600
 -54.23710 -132.87000
 -53.88710 -134.20500
 -53.64300 -135.30700
 -53.39570 -136.18000
 -53.90670 -136.59000
 -53.68780 -137.52200
 -53.56790 -137.89000
 -54.14100 -138.33800
 -54.71230 -138.79900
 -55.25090 -139.25300
 -55.61460 -139.57800
 -55.72490 -139.19100
 -56.26780 -139.54500
 -56.77220 -140.04100
 -57.05280 -140.32500
 -56.83920 -141.21100
 -56.61930 -142.08600
 -56.26250 -143.32400
 -55.91030 -144.48200
 -55.78420 -144.85700
 -56.22770 -145.41200
 -56.66860 -145.97900
 -57.30760 -146.68100
 -57.63790 -147.16700
 -57.55470 -147.69200
 -58.13000 -148.27600
 -58.82210 -149.26400
 -59.31410 -149.80900
 -59.71760 -150.38200
 -59.46940 -151.32900
 -60.15750 -152.11900
 -60.84070 -152.94300
 -61.39920 -153.66100
 -61.83610 -154.18100
 -61.77620 -154.32400
 -62.43270 -155.25400
 -62.95250 -156.02200
 -63.32400 -156.71700
 -63.07000 -157.60100
 -62.78850 -158.39400
 -63.00440 -158.70300
 -62.59540 -159.88800
 -62.92330 -160.43000
 -62.61440 -161.33800
 -62.39360 -162.06100
 -62.96750 -163.00100
 -63.46670 -163.92100
 -63.00700 -165.14900
 -62.60560 -166.19900
 -62.49000 -166.60800
 -63.10600 -167.51300
 -63.73030 -168.37900
 -64.24480 -169.10900
 -64.76370 -169.83900
 -64.85850 -170.04300
 -64.35640 -171.30000
 -64.97830 -172.51700
 -65.50610 -173.70900
 -65.83520 -174.41800
 -65.50500 -175.07000
 -65.18250 -175.72900
 -65.60690 -177.07200
 -65.86230 -177.92600
 -66.16320 -178.79300
 -65.98590 -179.19700
 -65.73850 179.96300
 -65.47730 179.38100
 -65.27400 178.75900
 -65.07910 178.24000
 -64.97490 177.88900
 -64.73620 177.33800
 -64.50600 176.81900
 -64.41010 176.54900
 -64.18780 176.06300
 -63.98400 175.58200
 -64.17410 175.16200
 -64.31490 174.81400
 -64.50790 174.24200
 -64.73790 173.63100
 -64.25610 172.52000
 -64.09740 172.16400
 -63.80720 171.64000
 -63.44730 171.00900
 -63.14880 170.44100
 -62.97240 170.06800
 -62.67620 169.60500
 -62.44610 169.23800
 -62.63210 168.70800
 -62.77320 168.27700
 -62.97120 167.55000
 -63.22060 166.85800
 -63.08690 166.62000
 -62.66760 165.96900
 -62.47270 165.65300
 -62.07720 165.10300
 -62.17720 164.76800
 -62.32190 164.27500
 -62.47460 163.77300
 -62.65990 163.20200
 -62.21280 162.57900
 -61.76300 161.97500
 -61.45670 161.22800
 -61.55860 160.86500
 -62.02590 159.44000
 -62.47810 157.97000
 -62.91430 156.45700
 -62.17380 155.70100
 -61.42940 154.98100
 -60.68130 154.29400
 -59.92990 153.63900
 -60.17640 152.47300
 -60.41260 151.29000
 -59.94420 151.00800
 -59.47530 150.73300
 -59.57040 150.00600
 -58.99880 149.65200
 -58.55180 149.39800
 -58.10440 149.15000
 -57.43580 148.80600
 -57.52710 148.07600
 -57.56620 147.90200
 -57.08840 147.72100
 -56.61040 147.54500
 -56.13210 147.37300
 -55.65360 147.20600
 -55.17490 147.04300
 -54.69530 146.88100
 -54.75550 145.40100
 -54.79850 144.28200
 -54.23430 143.77800
 -54.21490 142.25000
 -54.05280 141.45100
 -53.88540 140.65900
 -53.50440 140.58400
 -52.75020 140.47800
 -52.27430 140.40000
 -52.17681 140.38581
 -51.79830 140.32300
 -51.83760 139.81300
 -51.17390 139.73300
 -50.27940 139.64500
 -50.25580 139.11000
 -50.23110 138.40100
 -50.23360 137.70000
 -50.22040 136.94600
 -50.24760 136.22600
 -50.20930 135.24600
 -50.38420 135.02600
 -50.34750 134.24500
 -50.30550 133.46500
 -50.22280 132.26100
 -50.22220 131.51500
 -50.60370 131.25600
 -50.52490 130.56900
 -50.34800 129.41200
 -50.15920 128.31200
 -49.97610 127.14300
 -49.64290 127.19600
 -49.29390 127.24300
 -48.76390 127.31300
 -48.69770 126.86100
 -48.62970 126.43400
 -49.04430 126.26400
 -49.40140 126.07400
 -49.71710 125.89600
 -49.59830 125.26200
 -49.35810 125.12500
 -49.15280 124.99200
 -48.98350 124.60700
 -48.84760 124.21300
 -48.90580 124.00700
 -49.12160 123.77100
 -49.58470 123.32800
 -49.54240 123.01300
 -49.72860 122.79700
 -49.81160 122.55300
 -49.84620 122.22400
 -49.73550 121.86600
 -49.62020 121.43700
 -49.00560 121.55500
 -48.88960 120.84200
 -49.52430 120.51600
 -50.03600 120.27300
 -49.93840 119.36600
 -49.80170 118.54700
 -49.86480 118.19400
 -49.61990 117.52300
 -49.27090 116.63500
 -49.54040 116.25600
 -49.85170 115.98800
 -49.97430 115.50000
 -49.87780 114.36200
 -50.38770 114.02400
 -50.20040 112.96700
 -50.08380 111.66600
 -49.92970 111.36300
 -49.80040 111.12900
 -49.82890 110.86800
 -49.77900 110.47200
 -49.52350 109.35100
 -49.25870 108.24000
 -49.18230 108.28500
 -49.01460 107.48600
 -48.84140 106.69200
 -49.10090 106.55400
 -48.93350 105.89800
 -48.76240 105.24700
 -48.58770 104.60100
 -48.40930 103.95900
 -48.22750 103.32100
 -48.04210 102.68800
 -47.85330 102.06000
 -47.66100 101.43600
 -47.46540 100.81700
 -47.26650 100.20200
 -47.97810  99.62430
 -47.74390  98.97940
 -47.50610  98.34040
 -47.26480  97.70720
 -47.02000  97.07970
 -46.77180  96.45800
 -46.52030  95.84200
 -45.99630  96.27380
 -45.47070  96.69750
 -45.14140  95.80640
 -44.80530  94.92570
 -44.61950  95.04050
 -44.38970  94.47020
 -44.15710  93.90440
 -43.92170  93.34310
 -43.68360  92.78620
 -43.44280  92.23370
 -43.19940  91.68570
 -42.95340  91.14200
 -42.70490  90.60270
 -42.45380  90.06770
 -42.20020  89.53700
 -41.94420  89.01060
 -41.68590  88.48840
 -41.99740  88.05990
 -41.71050  87.50230
 -41.42100  86.94970
 -41.12880  86.40200
 -40.83410  85.85920
 -41.18020  85.46650
 -41.52490  85.06970
 -41.86820  84.66860
 -42.21010  84.26310
 -42.55060  83.85330
 -42.88960  83.43900
 -42.30910  82.58770
 -41.72250  81.75200
 -41.12990  80.93150
 -41.51190  80.46350
 -41.89190  79.99000
 -41.38400  79.31910
 -40.87220  78.65860
 -40.86640  78.48370
 -40.32600  77.82450
 -39.90490  78.42540
 -39.53850  78.00240
 -39.26200  78.38390
 -39.00490  78.07310
 -38.65920  78.52930
 -38.39320  78.18150
 -38.00060  78.70610
 -37.48290  78.02130
 -36.99830  78.60630
 -36.51090  79.18390
 -36.09800  78.68990
 -35.68310  78.20110
 -35.16120  78.80350
 -34.84230  78.44230
 -34.80670  78.48790
 -34.32380  77.91660
 -33.83830  77.35180
 -33.19420  78.08580
 -32.82760  77.65780
 -32.45950  77.23340
 -32.09000  76.81240
 -31.71910  76.39480
 -31.46490  76.68940
 -30.97040  76.14810
 -30.90570  76.20450
 -30.57350  75.79720
 -30.24010  75.39260
 -30.11760  75.51490
 -30.00580  75.36410
 -29.83940  75.55390
 -29.32840  74.93760
 -29.26450  74.99400
 -28.90350  74.59170
 -28.54130  74.19220
 -28.31730  74.40580
 -27.94420  73.96850
 -27.56980  73.53420
 -27.65500  73.39950
 -27.44580  73.12270
 -27.57280  72.92020
 -27.14620  72.46260
 -26.71820  72.00840
 -26.65600  72.06560
 -26.38570  71.71660
 -26.45440  71.58000
 -26.08310  71.13540
 -26.18730  70.99430
 -25.91240  70.66540
 -26.06040  70.40860
 -25.65120  69.95950
 -25.67620  69.49000
 -25.78220  69.46030
 -25.78430  69.13790
 -25.99330  69.15000
 -26.00890  68.82940
 -26.14100  68.81970
 -26.12060  68.59790
 -26.26250  68.62190
 -26.29060  67.97910
 -26.58300  67.96220
 -26.57150  67.43330
 -26.86990  67.42400
 -26.86740  67.15550
 -27.26920  67.12900
 -27.28110  66.37300
 -27.51450  66.35900
 -27.51410  65.34750
 -27.81220  65.33210
 -27.81750  64.46690
 -27.83130  63.60370
 -28.03880  63.62110
 -28.02140  63.19420
 -28.16400  63.21120
 -28.15250  62.70300
 -28.45850  62.74620
 -28.48960  62.13510
 -28.81140  62.16190
 -28.77720  61.51760
 -28.91990  61.53220
 -28.93130  60.81020
 -29.46520  60.78640
 -29.99900  60.76240
 -30.01450  60.74730
 -30.53150  60.76280
 -30.56070  60.00540
 -30.56710  59.18800
 -31.04970  59.16670
 -31.05530  58.52990
 -31.69100  58.45630
 -31.72200  57.80000
 -31.77060  57.15300
 -32.30280  57.12230
 -32.83500  57.09120
 -33.55420  57.06070
 -33.62680  56.40060
 -33.65280  55.73790
 -34.23500  55.69870
 -34.28720  55.30100
 -34.56050  55.27470
 -34.54160  54.25510
 -35.30240  54.21610
 -35.51670  53.47060
 -36.14090  53.46650
 -36.15300  52.90230
 -36.16240  52.33800
 -36.79730  52.31060
 -37.43220  52.28270
 -37.44150  51.55480
 -37.45070  50.82700
 -37.57990  50.82330
 -37.59680  49.96220
 -37.79020  49.94510
 -37.79170  49.03660
 -37.99990  49.03440
 -38.01420  48.63260
 -38.47800  48.01710
 -38.65070  48.02340
 -38.76370  47.13530
 -38.86990  46.24440
 -39.49450  46.16020
 -40.11900  46.07440
 -40.10850  45.33180
 -40.36590  45.30270
 -40.36890  44.71600
 -40.69110  44.68580
 -40.67080  44.02300
 -40.91500  44.00920
 -40.85050  42.87290
 -41.32050  42.77400
 -41.79040  42.67370
 -42.26020  42.57190
 -42.72990  42.46860
 -42.65530  41.81200
 -43.11740  41.68590
 -43.57940  41.55780
 -43.43760  40.50580
 -43.28620  39.45880
 -43.72570  39.26730
 -44.16480  39.07290
 -44.05470  38.33830
 -44.40100  38.19370
 -44.61880  38.08270
 -44.87530  37.50830
 -44.80430  37.08550
 -44.91970  36.67740
 -44.96650  36.30290
 -44.96070  35.97290
 -44.86600  35.66030
 -44.85550  35.18190
 -45.10580  35.01450
 -45.46570  34.86820
 -45.97140  34.70400
 -46.22160  34.50370
 -46.21230  34.26720
 -46.08990  34.08690
 -46.08120  33.98240
 -45.97910  33.81840
 -46.34640  33.54000
 -46.80550  33.35850
 -47.26440  33.17390
 -46.99980  32.12580
 -47.20110  31.86540
 -47.68220  31.58850
 -48.16270  31.30650
 -48.58710  31.00810
 -49.01060  30.70460
 -49.21550  30.36170
 -49.61080  30.00600
 -49.93350  29.71150
 -50.50700  29.34310
 -51.13730  28.96880
 -51.77160  28.60540
 -52.27710  28.40270
 -52.54000  28.31220
 -52.90370  28.11080
 -52.77080  27.47950
 -52.67300  27.37040
 -52.54720  27.32210
 -52.37800  26.71310
 -52.62010  26.51290
 -53.06500  26.33820
 -53.42880  26.18090
 -53.58180  25.98690
 -53.47990  25.86140
 -53.41000  25.64750
 -53.44410  25.17970
 -53.34530  24.87260
 -53.42150  24.68510
 -53.30860  23.88620
 -53.20040  23.02140
 -53.09770  23.07530
 -53.05120  22.50420
 -52.90880  21.25040
 -52.81670  19.99380
 -52.55290  18.71250
 -52.73430  18.53740
 -52.46690  17.80630
 -52.16930  16.90720
 -51.78700  15.82230
 -52.08360  15.42800
 -52.30750  15.11240
 -51.99710  14.46330
 -52.47690  13.78760
 -52.14100  13.20420
 -51.96290  12.89510
 -52.37500  12.29890
 -52.78290  11.70840
 -53.33200  10.97480
 -53.06550  10.54240
 -52.79230   9.99306
 -53.23260   9.42869
 -53.66800   8.79876
 -54.03260   8.28834
 -54.39600   7.77235
