AR
  24.37438  64.84903
  24.31647  64.49775
  24.23090  64.12342
  24.15396  63.74707
  24.06178  62.96962
  24.02457  62.18730
  23.97720  61.95300
  24.01877  61.79676
  24.01738  61.40614
  24.00879  61.10878
  24.01273  60.81182
  24.02573  60.54653
  24.03714  60.28109
  24.08731  59.93967
  24.15369  59.60135
  24.19903  59.32117
  24.23446  59.03960
  24.27121  58.72898
  24.02480  60.00000
  24.33500  58.42296
  24.40230  57.74480
  24.74600  57.25520
  25.51240  57.03750
  26.26440  56.82440
  26.73650  56.53320
  26.80430  56.08780
  26.44570  55.65920
  26.08590  55.23320
  26.00110  54.45370
  26.38960  53.61730
  26.57350  52.99480
  26.96290  52.24210
  27.14540  51.61950
  27.52480  50.85580
  28.05740  50.56260
  28.58930  50.26640
  29.21180  50.57920
  29.76300  50.21060
  30.00000  48.00000
  30.50000  46.50000
  32.75000  44.00000
  36.00000  43.00000
  38.00000  41.00000
  36.75000  38.00000
  34.00000  36.65000
  29.00000  35.33000
  27.50000  34.75000
  26.80780  34.87480
  26.35300  35.19990
  25.91910  35.54560
  25.48440  35.88880
  25.05530  36.06610
  24.62600  36.24220
  24.13270  36.40730
  23.63920  36.57110
  23.22590  37.04250
  22.49450  37.53980
  21.84340  37.82530
  21.02130  37.97470
  20.38910  38.07450
  19.90750  38.39570
  19.44750  38.82610
  19.02980  39.29780
  18.41930  39.58990
  17.94940  39.98670
  17.26620  40.33130
  12.00800  44.04930
  12.01260  44.51310
  12.02240  44.78020
  12.01890  44.88170
  12.01160  44.91320
  11.99890  45.09690
  11.99830  45.28110
  12.05250  45.32770
  12.01760  45.42800
  11.98290  45.52180
  12.07300  45.60180
  12.15860  45.63720
  12.15190  45.64960
  12.10020  45.85090
  12.05810  46.10970
  12.11230  46.15030
  12.17240  46.19760
  12.14250  46.31070
  12.08750  46.42900
  12.20190  46.51080
  12.29210  46.57890
  12.24820  46.71680
  12.21080  46.84870
  12.30020  46.92970
  12.40300  46.99230
  12.38770  47.04890
  12.35870  47.13030
  12.46300  47.16130
  12.43010  47.31900
  12.36870  47.53890
  12.44090  47.58750
  12.51850  47.64940
  12.49230  47.78830
  12.46110  47.90140
  12.58070  47.99140
  12.67100  48.04790
  12.64070  48.14200
  12.60230  48.26750
  12.57260  48.34870
  12.72890  48.44790
  12.69060  48.56710
  12.65760  48.69920
  12.76980  48.80250
  12.90840  48.88200
  12.85280  49.07050
  12.80190  49.27840
  12.89730  49.34900
  13.04190  49.42960
  13.00780  49.47210
  13.16860  49.59260
  13.31280  49.68000
  13.25120  49.84910
  13.16750  50.06140
  13.12250  50.16730
  13.22900  50.25240
  13.31250  50.31020
  13.27250  50.42940
  13.21810  50.57300
  13.36180  50.66150
  13.27940  50.84160
  13.19230  51.07900
  13.12230  51.25320
  13.27180  51.34290
  13.45760  51.44870
  13.66730  51.56980
  14.02830  51.76250
  14.35300  51.94000
  14.68870  52.13890
  14.66250  52.29920
  14.59720  52.54690
  14.56150  52.66720
  14.68130  52.73700
  14.62210  52.90710
  14.55860  53.12220
  14.53790  53.21130
  14.56230  53.22020
  14.51180  53.35840
  14.44080  53.57900
  14.36150  53.81800
  14.35090  53.86250
  14.48940  53.92870
  14.65730  54.01770
  14.77220  54.06870
  14.73280  54.14940
  14.70960  54.19260
  14.69140  54.24930
  14.68140  54.28740
  14.67070  54.33190
  14.63990  54.38730
  14.62100  54.45050
  14.76010  54.51100
  14.86980  54.54890
  14.80100  54.73080
  14.72720  54.95760
  14.71160  55.04730
  14.85050  55.10840
  14.78850  55.27780
  14.72920  55.48000
  14.68140  55.63120
  14.72160  55.66850
  14.69230  55.82180
  14.64110  56.05740
  14.62130  56.17910
  14.64330  56.20790
  14.62320  56.26520
  14.66010  57.00150
  14.66200  57.47620
  14.59940  57.98360
  14.91600  58.21310
  14.64600  58.58920
  15.08760  59.03370
  14.89510  59.40960
  15.24180  59.64230
  15.57210  59.90860
  16.14230  59.96420
  16.71260  60.02020
  17.45770  60.06190
  18.23970  60.21480
  18.79830  60.45640
  19.30570  60.71220
  19.81270  60.96960
  20.23030  61.23010
  20.64430  61.49190
  21.12580  61.84810
  21.42490  62.09630
  22.08280  62.13250
  22.38500  62.50250
  22.68300  62.87720
  23.20080  63.63130
  23.69360  64.27540
  24.03830  64.65110
  24.38240  65.02820
