AS
  36.18806  22.01928
  35.88988  22.24291
  35.65382  22.57837
  35.43018  22.92625
  35.25624  23.34867
  35.10715  23.92018
  35.00776  24.49170
  34.89594  24.95139
  34.85867  25.52291
  34.95806  26.05715
  35.25624  26.34290
  35.64139  26.60381
  35.98927  26.80260
  36.33680  26.90470
  36.44320  26.24360
  37.04110  26.42400
  37.63880  26.60720
  37.75958  26.48906
  37.75300  26.39142
  37.80178  26.32264
  37.96746  26.37823
  38.05280  26.31850
  38.20930  25.39440
  38.35860  24.46640
  37.55580  24.50260
  36.75290  24.53810
  36.60280  23.70610
  36.44690  22.87740
  36.43700  21.87690
