AU
 -29.49835  84.39838
 -29.85075  84.45470
 -30.20725  84.46638
 -30.50805  84.41138
 -30.75067  84.23135
 -30.92799  83.94300
 -31.05518  83.62828
 -31.16605  83.27723
 -31.26020  82.92131
 -31.44549  82.21814
 -31.63403  81.51581
 -31.81847  80.77991
 -31.99858  80.04288
 -32.05954  79.80038
 -32.13490  79.56244
 -32.17977  79.44407
 -32.22464  79.32570
 -32.31438  79.08865
 -32.40405  78.85149
 -32.58447  78.37360
 -32.76458  77.89556
 -32.80550  77.78694
 -32.82760  77.65780
 -33.19420  78.08580
 -33.83830  77.35180
 -34.32380  77.91660
 -34.80670  78.48790
 -34.84230  78.44230
 -35.16120  78.80350
 -35.68310  78.20110
 -36.09800  78.68990
 -36.51090  79.18390
 -36.99830  78.60630
 -37.48290  78.02130
 -38.00060  78.70610
 -38.39320  78.18150
 -38.65920  78.52930
 -39.00490  78.07310
 -39.26200  78.38390
 -39.53850  78.00240
 -39.90490  78.42540
 -40.32600  77.82450
 -40.86640  78.48370
 -40.87220  78.65860
 -41.38400  79.31910
 -41.89190  79.99000
 -41.51190  80.46350
 -41.12990  80.93150
 -41.72250  81.75200
 -42.30910  82.58770
 -42.88960  83.43900
 -42.55060  83.85330
 -42.21010  84.26310
 -41.86820  84.66860
 -41.52490  85.06970
 -41.18020  85.46650
 -40.83410  85.85920
 -41.12880  86.40200
 -41.42100  86.94970
 -41.71050  87.50230
 -41.99740  88.05990
 -41.68590  88.48840
 -41.94420  89.01060
 -42.20020  89.53700
 -42.45380  90.06770
 -42.70490  90.60270
 -42.95340  91.14200
 -43.19940  91.68570
 -43.44280  92.23370
 -43.68360  92.78620
 -43.92170  93.34310
 -44.15710  93.90440
 -44.38970  94.47020
 -44.61950  95.04050
 -44.80530  94.92570
 -45.14140  95.80640
 -45.47070  96.69750
 -45.99630  96.27380
 -46.52030  95.84200
 -46.77180  96.45800
 -47.02000  97.07970
 -47.26480  97.70720
 -47.50610  98.34040
 -47.74390  98.97940
 -47.97810  99.62430
 -47.26650 100.20200
 -47.46540 100.81700
 -47.66100 101.43600
 -47.85330 102.06000
 -48.04210 102.68800
 -48.22750 103.32100
 -48.40930 103.95900
 -48.58770 104.60100
 -48.76240 105.24700
 -48.93350 105.89800
 -49.10090 106.55400
 -48.84140 106.69200
 -49.01460 107.48600
 -49.18230 108.28500
 -49.25870 108.24000
 -49.52350 109.35100
 -49.77900 110.47200
 -49.82890 110.86800
 -49.80040 111.12900
 -49.92970 111.36300
 -50.08380 111.66600
 -50.20040 112.96700
 -50.38770 114.02400
 -49.87780 114.36200
 -49.97430 115.50000
 -49.85170 115.98800
 -49.54040 116.25600
 -49.27090 116.63500
 -49.61990 117.52300
 -49.86480 118.19400
 -49.80170 118.54700
 -49.93840 119.36600
 -50.03600 120.27300
 -49.52430 120.51600
 -48.88960 120.84200
 -49.00560 121.55500
 -49.62020 121.43700
 -49.73550 121.86600
 -49.84620 122.22400
 -49.81160 122.55300
 -49.72860 122.79700
 -49.54240 123.01300
 -49.58470 123.32800
 -49.12160 123.77100
 -48.90580 124.00700
 -48.84760 124.21300
 -48.98350 124.60700
 -49.15280 124.99200
 -49.35810 125.12500
 -49.59830 125.26200
 -49.71710 125.89600
 -49.40140 126.07400
 -49.04430 126.26400
 -48.62970 126.43400
 -48.69770 126.86100
 -48.76390 127.31300
 -49.29390 127.24300
 -49.64290 127.19600
 -49.97610 127.14300
 -50.15920 128.31200
 -50.34800 129.41200
 -50.52490 130.56900
 -50.60370 131.25600
 -50.22220 131.51500
 -50.22280 132.26100
 -50.30550 133.46500
 -50.34750 134.24500
 -50.38420 135.02600
 -50.20930 135.24600
 -50.24760 136.22600
 -50.22040 136.94600
 -50.23360 137.70000
 -50.23110 138.40100
 -50.25580 139.11000
 -50.27940 139.64500
 -51.17390 139.73300
 -51.83760 139.81300
 -51.79830 140.32300
 -52.17681 140.38581
 -52.27430 140.40000
 -52.75020 140.47800
 -53.50440 140.58400
 -53.88540 140.65900
 -54.05280 141.45100
 -54.21490 142.25000
 -54.23430 143.77800
 -54.79850 144.28200
 -54.75550 145.40100
 -54.69530 146.88100
 -55.17490 147.04300
 -55.65360 147.20600
 -56.13210 147.37300
 -56.61040 147.54500
 -57.08840 147.72100
 -57.56620 147.90200
 -57.52710 148.07600
 -57.43580 148.80600
 -58.10440 149.15000
 -58.55180 149.39800
 -58.99880 149.65200
 -59.57040 150.00600
 -59.47530 150.73300
 -59.94420 151.00800
 -60.41260 151.29000
 -60.17640 152.47300
 -59.92990 153.63900
 -60.68130 154.29400
 -61.42940 154.98100
 -62.17380 155.70100
 -62.91430 156.45700
 -62.47810 157.97000
 -62.02590 159.44000
 -61.55860 160.86500
 -61.45670 161.22800
 -61.38420 161.12900
 -61.05260 160.74000
 -60.50390 160.32700
 -60.00550 159.80300
 -59.93870 159.69100
 -59.73160 159.41300
 -59.51070 159.18600
 -59.30460 158.97200
 -59.07050 158.65000
 -58.85810 158.38500
 -58.77920 158.26700
 -58.60510 158.12100
 -58.33420 157.92000
 -58.06810 157.75100
 -57.78350 157.62000
 -57.47400 157.61500
 -57.23020 157.64000
 -56.99180 157.70300
 -56.72480 157.82300
 -56.43850 157.94400
 -56.31050 158.04200
 -56.16470 158.15300
 -56.02160 158.22600
 -55.77930 158.33200
 -55.52160 158.46500
 -55.27240 158.54000
 -55.04670 158.59600
 -54.92790 158.61800
 -54.68940 158.67400
 -54.55890 158.74000
 -54.57328 158.58058
 -54.75802 158.28264
 -54.95043 157.59772
 -54.98664 156.88302
 -54.99206 156.53278
 -55.00250 156.18270
 -55.00792 155.84794
 -54.97179 155.51581
 -54.71950 154.87414
 -54.32277 154.30836
 -54.09833 154.05708
 -53.82840 153.86034
 -53.50555 153.77029
 -53.17056 153.73640
 -52.82713 153.68201
 -52.50514 153.55281
 -52.37423 153.46639
 -52.26112 153.35831
 -52.17030 153.23755
 -52.07908 153.11701
 -52.02199 153.05171
 -51.95522 152.99678
 -51.92505 152.98208
 -51.89201 152.97706
 -51.86462 153.00019
 -51.86741 153.04382
 -51.85789 153.21511
 -51.83298 153.38500
 -51.72800 153.72572
 -51.55841 154.03967
 -51.33676 154.32747
 -51.09182 154.59609
 -50.83419 154.87027
 -50.57053 155.13858
 -50.09937 155.64610
 -49.75780 156.24444
 -49.57909 156.90607
 -49.46590 157.58302
 -49.46025 157.62093
 -49.46590 157.58302
 -49.42412 157.89140
 -49.38954 158.20071
 -49.33283 158.94358
 -49.30691 159.68814
 -49.29925 160.43898
 -49.32053 161.18935
 -49.35032 161.54755
 -49.39333 161.90436
 -49.43921 162.26017
 -49.50102 162.61311
 -49.60083 162.95344
 -49.68825 163.29726
 -49.57320 163.54500
 -49.32220 163.74000
 -49.11570 163.86800
 -48.91710 163.96400
 -48.74170 164.13000
 -48.59160 164.21500
 -48.42860 164.28700
 -48.27380 164.30900
 -48.20200 164.38900
 -48.05930 164.39800
 -47.91970 164.48300
 -47.75950 164.48000
 -47.65760 164.52800
 -47.52080 164.65100
 -47.44390 164.69900
 -47.25620 164.73900
 -47.14850 164.83800
 -47.01080 164.92300
 -46.78300 164.94300
 -46.60130 165.02100
 -46.40520 165.16800
 -46.18980 165.42700
 -46.06480 165.73300
 -45.95810 165.92000
 -45.88720 166.01900
 -45.73640 166.20500
 -45.51500 166.37700
 -45.35020 166.53700
 -45.21130 166.71000
 -44.98710 166.95100
 -44.82620 167.10000
 -44.64780 167.36800
 -44.46600 167.68800
 -44.32970 168.08100
 -44.16600 168.48800
 -44.02150 168.77000
 -43.84530 169.13600
 -43.59430 169.64700
 -43.35780 170.10300
 -43.08790 170.63800
 -42.70996 170.89861
 -42.39050 171.29793
 -42.01114 171.79710
 -41.55191 172.29626
 -41.15258 172.85532
 -40.79319 173.35448
 -40.41382 173.85364
 -40.07439 174.33283
 -39.73497 174.73216
 -39.47540 175.17142
 -39.22970 175.60900
 -38.76230 175.93200
 -38.67420 175.99500
 -38.28690 176.24100
 -37.88490 176.50900
 -37.48500 176.77000
 -37.10220 177.04900
 -36.46100 177.50700
 -35.91740 177.89000
 -35.16120 178.40300
 -34.78630 178.68100
 -34.24600 178.99600
 -33.60160 179.34500
 -33.01870 179.65700
 -32.34670 179.98000
 -31.75100 -179.74000
 -31.33280 -179.51500
 -30.99680 -179.39300
 -30.35530 -179.22600
 -29.79240 -179.07400
 -29.49830 -178.96600
 -28.69270 -178.71300
 -27.98550 -178.48200
 -27.37650 -178.24800
 -26.76720 -178.01700
 -25.97550 -177.79300
 -25.19710 -177.65700
 -24.71960 -177.55200
 -24.24200 -177.44800
 -24.10510 -177.41900
 -23.70790 -177.25000
 -23.41440 -177.10200
 -23.04810 -176.91300
 -22.73450 -176.74800
 -22.50050 -176.70900
 -22.28640 -176.69100
 -22.23140 -176.63500
 -22.00740 -176.60100
 -21.81150 -176.52000
 -21.60050 -176.44900
 -21.48740 -176.40500
 -21.30120 -176.37200
 -21.11260 -176.32200
 -20.99950 -176.28900
 -20.89130 -176.26400
 -20.79580 -176.23700
 -20.65500 -176.19000
 -20.49390 -176.17600
 -20.42340 -176.15900
 -20.26470 -176.15200
 -20.12890 -176.11600
 -20.10560 -176.18200
 -19.88430 -176.12200
 -19.81410 -176.07900
 -19.65080 -176.02700
 -19.38650 -175.97900
 -19.21740 -176.54900
 -18.97520 -176.57000
 -18.83640 -176.58700
 -18.76840 -176.58400
 -18.68550 -176.55100
 -18.60020 -176.51100
 -18.47230 -176.44000
 -18.30680 -176.34600
 -18.26660 -176.33000
 -18.13080 -176.29700
 -18.05510 -176.30400
 -17.87270 -176.40300
 -17.73100 -176.46200
 -17.57400 -176.53200
 -17.39920 -176.62500
 -17.21940 -176.71300
 -17.03440 -176.82000
 -16.87720 -176.92100
 -16.72460 -177.06800
 -16.57460 -177.20100
 -16.43700 -177.36400
 -16.31960 -177.51300
 -16.17690 -177.67800
 -16.10650 -177.66400
 -16.02360 -177.63400
 -15.96110 -177.57500
 -15.89890 -177.49300
 -15.80660 -177.38400
 -15.70960 -177.24800
 -15.55940 -177.13000
 -15.38671 -177.73804
 -15.86640 -178.07700
 -16.08350 -178.57900
 -16.29940 -179.08200
 -16.64480 -179.39900
 -16.98970 -179.71700
 -17.45810 -179.94800
 -17.92620 179.81900
 -18.35960 179.66800
 -18.79280 179.51600
 -19.26570 179.26400
 -19.73830 179.01100
 -20.21940 178.41800
 -20.54740 177.97100
 -20.87420 177.52300
 -21.39330 176.89000
 -21.82510 176.33800
 -22.25500 175.78200
 -22.61190 174.93300
 -22.81410 173.99600
 -22.88550 173.41400
 -23.08110 172.88100
 -23.17750 172.36100
 -23.17070 172.27800
 -23.17630 172.19700
 -23.17300 172.06000
 -23.15530 171.95000
 -23.14910 171.85400
 -23.14640 171.70300
 -23.12680 171.62000
 -23.10960 171.49600
 -23.09150 171.38500
 -23.07240 171.28800
 -23.02990 171.16200
 -22.99980 171.03700
 -22.96800 170.93900
 -22.94860 170.84200
 -22.91660 170.74500
 -22.88380 170.66000
 -22.82740 170.54700
 -22.75910 170.42000
 -22.70170 170.32100
 -22.64420 170.22100
 -22.58730 170.10900
 -22.51570 170.03600
 -22.44470 169.95000
 -22.34990 169.83500
 -22.22980 169.71900
 -22.12360 169.57700
 -22.05220 169.49100
 -21.98010 169.41900
 -21.90920 169.32000
 -21.82250 169.28800
 -21.72500 169.21500
 -21.64010 169.14300
 -21.50550 169.05400
 -21.41980 168.99600
 -21.26100 168.87900
 -21.10150 168.77600
 -21.01620 168.70500
 -20.89260 168.64500
 -20.78150 168.58500
 -20.64570 168.51200
 -20.47370 168.39600
 -20.32460 168.33500
 -20.20120 168.26300
 -20.09030 168.19100
 -20.00310 168.16000
 -19.89260 168.07500
 -19.76900 168.00300
 -19.63220 167.94300
 -19.53320 167.88600
 -19.37160 167.81200
 -19.23560 167.72700
 -19.04770 167.68000
 -18.88590 167.60700
 -18.71180 167.52100
 -18.61130 167.50400
 -18.48550 167.48600
 -18.36010 167.45500
 -18.24730 167.42400
 -18.14720 167.39400
 -18.02210 167.35000
 -17.92190 167.32000
 -17.75900 167.27500
 -17.63350 167.24500
 -17.52060 167.21500
 -17.39550 167.17100
 -17.30740 167.15500
 -17.20900 167.05900
 -17.09820 166.95000
 -16.98660 166.86800
 -16.83630 166.81000
 -16.73720 166.72800
 -16.62510 166.65900
 -16.53800 166.60400
 -16.43780 166.56200
 -16.30000 166.50600
 -16.18740 166.45000
 -16.08750 166.39500
 -15.97490 166.34000
 -15.88750 166.28500
 -15.79930 166.27000
 -15.67370 166.22700
 -15.55990 166.22500
 -15.43370 166.20900
 -15.34540 166.19300
 -15.24370 166.21700
 -15.12960 166.22800
 -15.04130 166.21300
 -14.88850 166.26200
 -14.68590 166.27100
 -14.55940 166.26800
 -14.42050 166.25200
 -14.34470 166.25000
 -14.18050 166.23400
 -13.99130 166.20400
 -13.82760 166.16100
 -13.77940 166.15400
 -13.67630 166.13200
 -13.51260 166.09000
 -13.26080 166.02000
 -13.07210 165.95200
 -12.87030 165.90900
 -12.74400 165.89400
 -12.51710 165.83800
 -12.31570 165.77000
 -12.12660 165.71500
 -11.88750 165.62100
 -11.68640 165.51400
 -11.54870 165.39600
 -11.41130 165.25200
 -11.28690 165.07000
 -11.20020 164.90100
 -11.16370 164.75800
 -11.11430 164.64100
 -11.09030 164.51200
 -11.09130 164.40900
 -11.11790 164.26700
 -11.14430 164.15100
 -11.15830 163.99600
 -11.18480 163.85400
 -11.19870 163.69900
 -11.23810 163.50500
 -11.26470 163.31100
 -11.29080 163.19500
 -11.31060 163.05300
 -11.35600 162.83300
 -11.38230 162.62600
 -11.42080 162.48400
 -11.42120 162.35400
 -11.42160 162.22500
 -11.43450 162.10900
 -11.42200 162.01800
 -11.39680 161.90100
 -11.35890 161.79800
 -11.32090 161.72000
 -11.28290 161.55200
 -11.24480 161.46100
 -11.23210 161.38400
 -11.19400 161.30600
 -11.16850 161.20200
 -11.13040 161.12500
 -11.05410 161.06000
 -11.02870 160.99600
 -10.96510 160.93100
 -10.91420 160.86700
 -10.83790 160.77600
 -10.78700 160.72500
 -10.72330 160.62200
 -10.67230 160.54400
 -10.63410 160.49300
 -10.57020 160.36400
 -10.51920 160.28700
 -10.46810 160.21000
 -10.41700 160.13200
 -10.37870 160.06800
 -10.31490 159.97800
 -10.27650 159.91400
 -10.25070 159.83700
 -10.19970 159.77200
 -10.17390 159.70800
 -10.12290 159.64400
 -10.08440 159.58000
 -10.02060 159.50300
  -9.96945 159.43900
  -9.93092 159.36200
  -9.87969 159.28500
  -9.82854 159.22100
  -9.76480 159.17000
  -9.72641 159.11900
  -9.68801 159.06800
  -9.64952 159.00300
  -9.53838 156.08600
  -9.55797 155.98900
  -9.54810 155.97900
  -9.55456 155.90800
  -9.57154 155.81300
  -9.52648 155.79700
  -9.54838 155.70800
  -9.58072 155.59900
  -9.53069 155.57700
  -9.56795 155.47300
  -9.49296 155.43600
  -9.53242 155.34700
  -9.55615 155.29100
  -9.62138 155.17200
  -9.72993 155.17200
  -9.79486 155.07000
  -9.83485 154.95100
  -9.83902 154.85600
  -9.72297 154.84900
  -9.76305 154.71900
  -9.81056 154.59600
  -9.87219 154.37900
  -9.91264 154.21800
 -10.27920 154.21900
 -10.32300 154.16900
 -10.33130 154.12500
 -10.34070 154.01000
 -10.32540 153.84700
 -10.34460 153.75200
 -10.35500 153.55200
 -10.39810 153.36200
 -10.39810 153.17400
 -10.38440 152.85500
 -10.08810 152.84900
 -10.07770 152.65100
 -10.05600 152.54700
 -10.04730 152.41300
 -10.03900 152.22300
  -9.94533 152.21400
  -9.94400 152.08600
  -9.94203 152.02400
  -9.93028 151.91800
  -9.90561 151.83800
  -9.76114 151.83400
  -9.76005 151.65400
  -9.67589 151.54500
  -9.68138 151.00500
  -9.68686 150.46600
  -9.94531 150.24500
  -9.80087 149.67600
  -9.35255 149.13300
  -9.56973 148.75100
  -9.21176 148.20700
  -8.88649 147.53900
  -8.59828 146.95400
  -8.41044 146.91800
  -8.10254 146.39800
  -7.66091 145.66600
  -7.37364 145.24900
  -7.02342 144.74000
  -6.81309 144.13600
  -6.55817 143.56900
  -6.29475 142.95600
  -5.98645 142.23100
  -5.72740 141.48300
  -5.04497 140.84700
  -5.54497 140.84700
  -5.50959 140.79800
  -5.43064 140.26400
  -5.25127 139.73100
  -5.54782 138.95900
  -4.94247 138.48400
  -4.83682 138.01000
  -4.72116 137.17700
  -4.69929 136.67200
  -4.67709 136.16700
  -5.34429 133.44900
  -5.64060 133.98200
  -6.34769 133.68600
  -6.51458 133.18800
  -6.68099 132.68900
  -6.98943 132.43100
  -7.66120 131.86700
  -8.26747 131.41500
  -8.56249 130.93300
  -8.72560 130.54000
  -8.92625 129.86100
  -9.02027 129.10600
  -9.09547 128.37600
  -9.13307 127.90000
  -9.22077 127.43000
  -9.38984 126.85300
  -9.59637 126.33300
  -9.78401 125.86900
  -9.98405 125.48200
 -10.15900 125.15900
 -10.39000 124.73400
 -10.70810 123.96000
 -10.99480 123.21700
 -11.18503 122.86872
 -11.31965 122.63159
 -11.43492 122.38379
 -11.59136 122.06674
 -11.74268 121.74730
 -11.88218 121.42615
 -11.98182 121.09139
 -11.94121 120.76978
 -11.78330 120.47943
 -11.46160 119.84100
 -11.39320 119.27000
 -11.36210 118.75000
 -11.38690 118.23600
 -11.33720 117.57600
 -11.33100 116.85300
 -11.27500 116.17400
 -11.21890 115.57100
 -11.15050 115.01300
 -11.08820 114.41000
 -10.96360 113.75600
 -10.87020 113.20400
 -10.75800 112.56300
 -10.65200 112.17000
 -10.57720 111.52300
 -10.47730 111.01500
 -10.47730 110.61500
 -10.43990 110.15900
 -10.37130 109.62600
 -11.04624 109.73356
 -11.43585 109.73898
 -11.82547 109.73944
 -12.56493 109.72335
 -13.30207 109.66610
 -13.96440 109.52870
 -14.54642 109.19386
 -14.94888 108.62221
 -15.15312 107.94905
 -15.23729 107.20827
 -15.25625 106.46223
 -15.23822 104.92590
 -15.21192 103.38957
 -15.21408 102.62729
 -15.27629 101.86887
 -15.46111 101.14187
 -15.74327 100.44596
 -16.45093  99.12533
 -17.23147  97.84508
 -18.00722  96.53087
 -18.73616  95.19036
 -19.39230  93.81882
 -20.06120  92.45362
 -20.83865  91.16502
 -21.82885  90.03718
 -22.40763  89.62242
 -23.05355  89.32248
 -23.77127  89.08403
 -24.49364  88.85952
 -25.82866  88.33041
 -26.91039  87.41448
 -27.20330  86.77915
 -27.32708  86.08828
 -29.17744  84.31231
