BC
  22.75000 -111.00000
  23.50000 -110.40000
  25.33920 -110.00700
  25.55670 -109.80600
  25.60730 -109.87200
  25.70630 -110.02400
  25.88950 -110.29100
  26.06610 -110.57200
  26.22490 -110.77800
  26.36050 -110.68000
  26.41590 -110.75800
  26.53500 -110.95700
  26.72340 -111.22800
  26.92670 -111.50600
  27.10530 -111.37300
  27.21520 -111.56900
  27.49690 -111.38200
  27.57000 -111.50600
  27.69350 -111.71100
  27.90600 -112.01500
  28.12490 -112.32100
  28.32230 -112.58900
  28.49870 -112.81200
  28.71470 -113.08700
  28.94980 -113.33900
  29.00840 -113.28100
  29.20540 -113.52100
  29.43970 -113.77500
  29.64580 -113.96900
  29.50000 -114.25000
  31.00000 -115.80000
  31.75900 -117.84500
  32.05130 -118.64100
  32.51250 -119.51300
  32.86140 -120.00600
  33.21190 -120.50700
  29.50000 -116.50000
  27.40000 -115.00000
  26.75000 -114.20000
  24.90000 -112.50000
