BG
  52.57690 177.54000
  52.78910 176.71300
  52.95460 175.66600
  53.19500 174.46900
  53.54800 173.11200
  53.88690 171.78100
  54.17160 171.13300
  54.45270 170.47600
  54.74340 169.78400
  55.03010 169.08200
  55.34140 168.37900
  55.64870 167.66400
  55.95870 166.82400
  56.26290 165.97100
  56.47950 165.24200
  56.69180 164.50400
  58.86533 165.02243
  58.98111 165.30637
  59.07279 165.63556
  59.16996 165.96212
  59.25483 166.12559
  59.34078 166.28845
  59.39761 166.42832
  59.44492 166.57184
  59.49625 166.73237
  59.55555 166.88996
  59.62433 167.03000
  59.69202 167.17072
  59.81287 167.51516
  59.92961 167.86106
  59.99634 168.01680
  60.29320 169.02700
  60.76857 169.57842
  61.02790 170.18807
  61.35786 170.86888
  61.69301 171.54738
  62.00294 172.23655
  62.27851 172.94012
  62.50024 173.66449
  62.67192 174.40264
  62.82626 175.16028
  62.99686 175.91437
  63.20524 176.62366
  63.41765 177.33202
  63.72583 178.80080
  63.93453 -179.71230
  64.13019 -178.19307
  64.33010 -176.67431
  64.51713 -175.15245
  64.66122 -173.62594
  64.73963 -172.09704
  64.78292 -170.56652
  64.85630 -167.47831
  64.25600 -167.09300
  63.55770 -165.97700
  62.84800 -163.52500
  62.12770 -162.33200
  61.39760 -161.19500
  60.66270 -160.50690
  59.91870 -159.99400
  59.16640 -159.66000
  58.50590 -159.54900
  57.83610 -158.77300
  56.38470 -158.60500
  55.99040 -157.21000
  55.70550 -159.34400
  55.59080 -160.12900
  55.47090 -160.91000
  55.34640 -161.66400
  55.21720 -162.41300
  55.03000 -163.17700
  54.83790 -163.93400
  54.66830 -164.66500
  54.49430 -165.39000
  54.30270 -166.10800
  54.10680 -166.81900
  53.85070 -167.99000
  53.59000 -168.97200
  53.48220 -169.37800
  53.28950 -170.15900
  53.15610 -170.89700
  53.02060 -171.63400
  52.91930 -172.48400
  52.81360 -173.32800
  52.74630 -174.11900
  52.67580 -174.90700
  52.59470 -175.62900
  52.43830 -176.22300
  52.34600 -177.08800
  52.33420 -177.75800
  52.34030 -178.48000
  52.34650 -179.20200
  52.35550 179.68800
  52.46890 178.49800
