CA
  13.64360 -69.05490
  13.61950 -68.42259
  13.55266 -67.79376
  13.46864 -67.47053
  13.31093 -67.17696
  13.06038 -66.90421
  12.78453 -66.65560
  12.25682 -66.15821
  11.74748 -65.64211
  11.50451 -65.37748
  11.27346 -65.10244
  11.10566 -64.81920
  11.00477 -64.50533
  10.95727 -64.17444
  10.94590 -63.84006
  10.94798 -63.66963
  10.95441 -63.49923
  10.96295 -63.32527
  10.99003 -63.15383
  11.03703 -63.02525
  11.09107 -62.89930
  11.13289 -62.74097
  11.14206 -62.57699
  11.14124 -62.40354
  11.16190 -62.23167
  11.21668 -62.05578
  11.28971 -61.88650
  11.46510 -61.55971
  11.65542 -61.24119
  11.85456 -60.96229
  12.15040 -60.40002
  12.83306 -60.23618
  13.67957 -60.53655
  14.14378 -60.91885
  14.44416 -61.30114
  14.82645 -61.71074
  15.39989 -62.03842
  16.10986 -62.42072
  16.81984 -62.77570
  17.36597 -63.02146
  17.74827 -63.26722
  18.13056 -63.48568
  18.45824 -63.67682
  18.59477 -63.94989
  17.85000 -64.25000
  17.30000 -64.60000
  17.30000 -65.75000
  17.56612 -66.14123
  17.46883 -66.46423
  17.38860 -66.84271
  17.33379 -67.22582
  17.25932 -67.94176
  17.24710 -68.66095
  17.37209 -69.36142
  17.67393 -70.00561
  17.00000 -71.70000
  17.80000 -72.80000
  17.80000 -74.00000
  17.15000 -75.20000
  16.55000 -75.75000
  16.15000 -76.15000
  16.15000 -77.25000
  17.95000 -80.30000
  17.80160 -81.62480
  17.69070 -82.24420
  17.62570 -82.86460
  17.48090 -83.70580
  17.34400 -84.24790
  17.10660 -84.90970
  16.91100 -85.67140
  16.69450 -86.31950
  16.47590 -86.96610
  16.49015 -86.74678
  16.47894 -86.59058
  16.39445 -86.45267
  16.28073 -86.30022
  16.18375 -86.13714
  16.18270 -86.13470
  16.18375 -86.13714
  16.09451 -85.81038
  16.00387 -85.48370
  15.92631 -85.36092
  15.80775 -85.27977
  15.64343 -85.29091
  15.49833 -85.37783
  15.22828 -85.55035
  14.94238 -85.69569
  14.64730 -85.85285
  14.36554 -86.03304
  14.08787 -86.23052
  13.87331 -86.16772
  13.70299 -86.08256
  13.42317 -85.90007
  13.16769 -85.80275
  12.99736 -85.70542
  12.74188 -85.49859
  12.54722 -85.40127
  12.36473 -85.29177
  12.04842 -85.12145
  11.87809 -85.04846
  11.62261 -84.85380
  11.34279 -84.67131
   9.80000 -82.00000
   9.80000 -81.00000
  10.25000 -78.00000
  10.00000 -77.00000
  10.09000 -76.59440
  10.32850 -76.45590
  10.57440 -76.27480
  10.76500 -76.06450
  11.08730 -75.90500
  11.39000 -75.63130
  11.59480 -75.37030
  11.76450 -75.12280
  11.91380 -74.79640
  12.02080 -74.47640
  12.22430 -74.30660
  12.38630 -74.05770
  12.74310 -73.87380
  13.05830 -73.63200
  13.28980 -73.30320
  13.36750 -72.91610
  13.40970 -72.42820
  13.46470 -71.83970
  13.50290 -71.19490
  13.63756 -70.54667
