CL
   9.19616 138.30900
   8.53360 137.98200
   7.87117 137.52900
   7.61961 137.14400
   7.36771 136.75900
   6.98895 136.18300
   6.89507 135.41500
   6.99019 134.52100
   6.61025 134.26900
   6.33263 133.98900
   6.15594 133.67400
   5.96222 133.42900
   5.73427 133.30800
   5.34909 133.24000
   5.01620 133.18900
   4.78754 133.03200
   4.45382 132.91100
   4.11986 132.79000
   3.69833 132.74000
   3.31224 132.79500
   2.90828 132.85000
   2.53873 132.81700
   2.25688 132.76600
   1.72846 132.73400
   1.16455 132.72000
   0.81158 132.65100
   0.01706 132.51500
  -0.04290 132.82400
  -0.14569 133.32700
   0.05668 133.89900
   0.25904 134.47100
   0.42124 134.93800
  -0.02304 135.65600
  -0.22814 136.45100
  -0.42228 136.94300
  -0.61639 137.43500
  -0.71816 138.05400
  -0.81985 138.67400
  -1.15941 138.79300
  -1.38997 139.25700
  -1.55742 139.80500
  -1.76738 140.22600
  -1.89328 140.83700
  -2.16673 141.19500
  -2.27205 141.59400
  -2.39843 141.86800
  -2.69310 142.24600
  -2.46221 142.39400
  -1.91593 142.62600
  -1.45354 142.92200
  -1.15956 143.26000
  -0.95057 143.80800
  -0.74188 144.35700
  -0.53411 145.03300
  -0.47327 145.49700
  -0.34916 145.91900
  -0.29022 146.59500
  -0.29351 147.05900
  -0.27465 147.35400
  -0.42635 147.85900
  -0.40946 148.34400
  -0.39186 148.72400
  -0.45692 148.91300
  -0.65021 149.27000
  -0.39698 149.25100
  -0.14324 149.19100
   0.40626 149.11200
   0.93659 148.86300
   1.48745 148.70000
   2.05827 148.68400
   2.62928 148.66800
   3.13658 148.69400
   3.77564 148.19100
   4.39257 147.77200
   4.76546 147.42500
   5.13818 147.07800
   5.51071 146.73000
   5.88304 146.38200
   6.16022 146.00100
   6.35347 145.47100
   6.50348 145.06700
   6.61101 144.66400
   6.67698 144.02600
   6.80532 143.55800
   7.16576 143.07000
   7.38844 142.66600
   7.61077 142.26200
   8.11804 141.51700
   8.39250 141.04800
   8.66639 140.57900
   8.86631 139.88600
   9.06494 139.19200
   9.37865 138.35900
