CO
  10.54730 -86.97490
  11.09590 -87.46210
  11.39670 -87.89010
  11.69680 -88.31900
  11.99920 -88.91970
  12.29480 -89.61900
  12.54260 -90.29270
  12.58370 -90.89800
  12.83220 -91.30790
  13.08010 -91.71860
  13.27120 -92.06320
  13.22330 -92.27240
  13.49800 -92.59920
  13.72210 -92.96190
  13.79320 -93.30940
  14.01610 -93.65580
  14.22210 -94.05520
  14.47860 -94.54220
  14.69980 -94.87290
  14.88660 -95.11700
  15.09020 -95.46630
  15.27650 -95.79860
  15.36090 -96.21900
  15.36010 -96.72700
  15.35840 -97.21740
  15.50800 -97.69140
  15.63990 -98.16570
  15.77150 -98.58780
  15.91910 -99.02810
  16.13400 -99.43470
  16.29800 -99.80600
  16.44240 -100.33600
  16.63630 -100.86700
  17.02560 -101.70300
  17.27990 -102.43200
  17.61550 -103.20000
  17.92000 -103.79200
  18.13830 -104.19100
  18.20900 -104.40600
  18.36840 -104.72500
  17.68950 -104.84300
  17.00000 -105.00600
  16.99942 -105.36888
  16.26050 -105.39800
  15.55760 -105.35700
  15.10760 -105.32000
  15.27450 -104.69000
  14.67220 -104.56300
  14.06980 -104.43700
  13.32840 -104.18100
  12.58680 -103.92700
  11.89040 -103.77200
  11.87230 -103.87500
  11.40450 -103.80700
  10.93660 -103.73900
  10.27460 -103.62800
  10.12320 -103.59800
  10.01710 -104.29600
   9.17474 -104.29600
   8.45574 -104.25800
   8.34001 -104.22900
   8.37048 -103.59500
   8.39993 -102.96100
   7.79085 -102.81000
   7.18172 -102.65900
   6.35535 -102.55800
   5.52897 -102.45700
   4.65326 -102.32000
   3.77753 -102.18400
   3.75071 -102.25900
   3.45816 -102.19900
   3.23869 -102.21900
   3.07219 -102.19300
   2.88876 -102.14500
   2.89294 -102.11800
   2.79833 -102.09600
   2.78564 -102.10900
   2.63532 -102.06800
   2.64213 -101.87800
   2.63971 -101.69700
   2.60499 -101.49000
   2.23226 -101.51200
   2.24142 -101.20300
   2.19890 -101.19600
   2.21046 -101.06700
   2.20440 -100.64400
   2.20650 -100.39400
   2.20704 -100.06600
   2.29966 -100.04700
   2.27227 -99.91290
   2.27260 -99.81080
   2.26882 -99.73890
   2.19007 -99.65700
   2.11218 -98.91750
   2.21253 -98.88860
   2.14463 -98.36740
   2.07656 -97.84630
   2.08841 -97.55120
   1.89824 -97.58510
   1.88568 -96.88000
   1.87283 -96.17500
   2.23785 -96.12020
   2.22175 -95.22410
   2.50694 -95.19820
   2.43994 -94.40440
   2.37248 -93.61070
   2.29988 -92.92790
   2.22695 -92.24510
   2.19975 -92.09020
   1.99009 -92.11830
   2.01117 -91.53760
   1.81659 -91.56080
   1.73615 -90.69730
   1.12041 -90.66320
   1.07290 -89.78360
   1.02514 -88.90410
   0.97714 -88.02450
   0.92891 -87.14500
   0.88046 -86.26560
   0.83180 -85.38610
   1.64441 -85.34940
   1.59812 -84.57590
   2.06618 -84.57130
   2.53424 -84.56670
   3.11226 -84.46710
   3.13869 -83.92250
   3.16485 -83.37790
   3.11792 -82.80640
   3.59490 -82.62500
   4.07188 -82.62500
   4.56303 -82.62500
   5.05417 -82.62500
   5.83296 -82.62500
   6.56231 -82.62500
   7.11804 -82.62490
   7.36639 -82.62480
   7.59169 -83.07420
   7.84854 -83.23310
   7.92759 -83.35990
   8.04445 -83.60540
   8.18189 -83.83770
   8.30028 -84.00720
   8.47377 -84.15770
   8.63674 -84.41870
   8.77169 -84.68580
   8.93723 -85.04380
   9.08908 -85.38050
   9.20327 -85.61240
   9.42337 -85.91050
   9.68364 -86.20360
   9.93830 -86.44870
  10.23500 -86.64800
