CP
  -7.64768  68.07310
  -8.02709  67.64240
  -8.49189  68.03900
  -8.88140  67.56480
  -9.27031  67.08960
  -9.62999  67.37800
  -9.99041  66.91950
 -10.35020  66.46000
 -10.76200  66.78740
 -11.21000  66.16740
 -11.55900  66.41820
 -12.01850  65.69780
 -12.42580  66.03300
 -12.83270  66.36920
 -13.26810  65.82050
 -13.77730  66.20970
 -13.97910  65.92780
 -14.33870  66.20760
 -14.69800  66.48830
 -15.26960  66.88820
 -15.82150  67.29020
 -15.94190  67.38270
 -16.13890  67.03300
 -16.65870  67.41050
 -17.09010  66.70810
 -17.45010  66.14280
 -17.78300  65.54240
 -18.05790  65.00730
 -18.44320  65.26390
 -18.82810  65.52170
 -19.57750  66.03330
 -20.07830  66.42800
 -19.87030  66.75130
 -20.21810  67.04040
 -20.07250  67.30950
 -20.36890  67.59300
 -20.28000  67.76790
 -20.46900  67.89670
 -20.29070  68.21250
 -20.71190  68.55920
 -20.87770  68.27680
 -21.44950  68.65290
 -22.08770  69.20170
 -22.38700  68.79670
 -22.83050  69.16210
 -23.37310  69.55770
 -23.70870  69.84970
 -24.03960  69.40160
 -24.36860  69.68040
 -24.67850  69.93930
 -24.97010  69.59210
 -25.48250  70.08960
 -25.65120  69.95950
 -26.06040  70.40860
 -25.91240  70.66540
 -26.18730  70.99430
 -26.08310  71.13540
 -26.45440  71.58000
 -26.38570  71.71660
 -26.65600  72.06560
 -26.71820  72.00840
 -27.14620  72.46260
 -27.57280  72.92020
 -27.44580  73.12270
 -27.65500  73.39950
 -27.56980  73.53420
 -27.94420  73.96850
 -28.31730  74.40580
 -28.13919  74.33658
 -28.04442  74.22486
 -27.94964  74.11323
 -27.86036  74.00867
 -27.75182  73.92875
 -27.51585  73.82032
 -27.27989  73.71208
 -27.31532  74.41604
 -27.18612  75.10540
 -27.02713  75.41831
 -26.83875  75.71516
 -26.87516  76.22570
 -26.85109  76.80350
 -26.87516  77.35722
 -26.92331  77.93503
 -26.97146  78.48875
 -26.73071  78.94618
 -26.36959  79.52398
 -26.10476  80.02956
 -25.83994  80.46291
 -25.59918  80.92034
 -25.43066  81.23332
 -25.11768  81.73889
 -24.87693  82.10002
 -24.63618  82.46114
 -24.37135  82.79820
 -24.10653  83.25562
 -23.86578  83.61675
 -23.57688  84.02603
 -23.33612  84.43530
 -23.11945  84.77235
 -22.90277  85.01310
 -22.51757  85.01310
 -22.03607  84.96495
 -21.57864  85.01310
 -21.12122  84.96495
 -20.71194  84.94088
 -20.11006  84.89273
 -19.65264  84.91680
 -19.02668  84.86865
 -18.61741  84.89273
 -18.13591  84.82050
 -17.75070  84.84458
 -17.29328  84.82050
 -16.95623  84.84458
 -16.47472  84.84458
 -16.04137  84.86865
 -15.58395  84.84458
 -15.03022  84.84458
 -14.52464  84.77235
 -14.11537  84.82050
 -13.58571  84.79643
 -13.15236  84.79643
 -12.71901  84.79643
 -12.26158  84.77235
 -11.85231  84.79643
 -11.44303  84.74828
 -11.03375  84.72420
 -10.48003  84.77235
  -9.95037  84.62790
  -9.92630  84.05010
  -9.87815  83.42415
  -9.85407  82.82227
  -9.85407  82.31669
  -9.87815  81.73889
  -9.80593  81.32962
  -9.80593  80.63144
  -9.75778  80.14994
  -9.73370  79.69251
  -9.78185  79.21101
  -9.68555  78.58505
  -9.70962  78.05540
  -9.63740  77.42945
  -9.56517  76.85165
  -9.49295  76.32200
  -9.42072  75.79234
  -9.27627  75.21454
  -9.17997  74.66081
  -9.13182  74.05894
  -9.01145  73.50521
  -8.86700  72.95148
  -8.79477  72.46998
  -8.67440  71.84403
  -8.50587  71.07363
  -8.33734  70.37545
  -8.28919  69.82172
  -8.28907  69.23230
  -7.47733  69.01450
  -7.17163  68.93257
  -7.18712  68.64861
  -7.19002  68.53527
  -7.19153  68.42197
  -7.20031  68.35981
  -7.23025  68.30631
  -7.27926  68.23266
  -7.32820  68.15893
  -7.22778  68.05209
  -7.25250  67.81130
