DA
  17.26620  40.33130
  16.78510  40.25120
  16.30400  40.17160
  15.77160  39.67070
  15.63704  39.55949
  15.58149  39.63539
  15.50262  39.69024
  15.40905  39.75759
  15.31768  39.82795
  15.09753  39.96825
  14.86470  40.08670
  14.58116  40.24824
  14.32345  40.44807
  14.20852  40.54815
  14.08555  40.63781
  13.98227  40.70555
  13.88618  40.78307
  13.77531  40.88264
  13.67137  40.98917
  13.58600  41.09880
  13.50101  41.20889
  13.33321  41.43379
  13.18107  41.66968
  12.99261  41.92205
  12.77660  42.15190
  12.57719  42.39034
  12.33972  42.58140
  12.09872  42.60507
  11.87347  42.67195
  11.78148  42.80885
  11.79500  42.84130
  12.01270  43.64950
  12.00800  44.04930
