EA
 -23.02360 -114.56700
 -23.03960 -114.87500
 -23.17890 -114.96200
 -23.23700 -115.18300
 -23.39750 -115.25400
 -23.46840 -115.59900
 -23.88440 -115.42400
 -24.01740 -115.40200
 -24.10510 -115.48200
 -24.24180 -115.91200
 -24.38290 -115.96800
 -24.45830 -116.18400
 -24.55580 -116.22500
 -24.84750 -116.09900
 -25.17200 -116.49000
 -25.41580 -116.35300
 -25.67380 -116.02800
 -25.96770 -115.76900
 -26.24340 -115.51800
 -26.46590 -115.29100
 -26.60400 -115.10500
 -26.72510 -114.52600
 -26.78970 -113.94400
 -26.79866 -113.75886
 -26.80880 -113.60800
 -26.83020 -112.97600
 -26.72410 -112.94700
 -26.80090 -112.68400
 -26.55380 -112.65800
 -26.28230 -112.68300
 -26.03790 -112.67200
 -25.93420 -112.62000
 -25.92590 -112.55000
 -25.78740 -112.54100
 -25.78600 -112.45500
 -25.68270 -112.43700
 -25.66370 -112.36400
 -25.56420 -112.36600
 -25.42920 -112.38800
 -25.19850 -112.44300
 -25.05940 -112.45300
 -25.02660 -111.97800
 -24.89070 -111.97700
 -24.65910 -112.04800
 -24.44850 -112.10300
 -24.22240 -112.12300
 -24.11040 -112.09800
 -24.03200 -111.71300
 -23.85980 -111.76300
 -23.72750 -111.83200
 -23.47500 -111.86400
 -23.32670 -111.87100
 -23.27298 -111.81190
 -23.22863 -111.97753
 -23.20333 -112.17064
 -23.17192 -112.39670
 -23.14461 -112.62338
 -23.11011 -113.04928
 -23.10144 -113.47626
 -23.10786 -113.91616
 -23.07645 -114.35405
 -23.02098 -114.52379
 -22.94968 -114.55644
