EU
  39.31500 -29.33500
  39.25540 -29.29710
  39.25020 -29.26030
  39.27860 -29.18810
  39.29370 -29.14720
  39.32320 -29.09040
  39.33820 -29.04950
  39.36560 -28.98190
  39.37890 -28.95050
  39.41200 -28.89460
  39.37250 -28.85290
  39.29930 -28.78120
  39.26260 -28.74540
  39.21440 -28.68630
  39.17900 -28.66600
  39.12080 -28.61920
  39.12990 -28.56650
  39.15580 -28.48360
  39.13390 -28.45220
  39.09270 -28.42040
  39.05800 -28.39550
  39.02040 -28.36490
  38.99310 -28.34210
  38.93940 -28.29190
  38.95240 -28.21550
  38.96850 -28.11990
  38.98270 -28.05880
  39.00410 -27.95460
  38.99980 -27.79330
  38.94160 -27.72230
  38.91360 -27.67970
  38.86350 -27.60610
  38.83630 -27.55880
  38.78240 -27.48440
  38.77960 -27.23940
  38.69990 -27.20330
  38.66580 -27.17430
  38.60700 -27.12900
  38.57060 -27.08950
  38.49110 -27.02890
  38.46350 -27.00680
  38.40030 -26.94080
  38.36010 -26.90060
  38.27820 -26.82990
  38.42020 -26.71800
  38.35760 -26.64740
  38.32400 -26.61410
  38.25540 -26.53230
  38.22250 -26.49430
  38.14930 -26.41660
  38.11640 -26.37870
  38.04680 -26.30210
  38.03600 -26.17140
  37.96550 -26.07520
  37.93550 -26.04320
  37.83860 -25.91620
  37.87830 -25.80810
  37.81590 -25.73410
  37.79020 -25.69840
  37.72250 -25.63320
  37.81810 -25.53840
  37.75170 -25.46380
  37.71850 -25.42650
  37.66330 -25.35470
  37.76920 -25.26710
  37.64630 -25.10130
  37.64410 -24.98350
  37.60910 -24.93150
  37.58390 -24.89150
  37.55190 -24.84510
  37.53280 -24.81640
  37.50010 -24.77480
  37.46730 -24.73320
  37.41100 -24.66690
  37.35190 -24.70220
  37.27330 -24.73790
  37.21740 -24.74950
  37.12670 -24.68050
  37.09460 -24.63450
  37.01720 -24.55410
  36.97070 -24.50020
  36.91050 -24.43370
  36.86330 -24.38460
  36.79250 -24.31110
  36.78100 -24.25540
  36.78850 -24.14610
  36.75480 -24.04560
  36.64590 -23.56970
  36.70200 -22.89330
  36.75430 -22.21600
  36.81970 -21.50720
  36.88090 -20.79730
  36.95430 -20.24030
  37.02510 -19.68230
  37.26030 -19.64644
  37.36567 -19.29342
  37.45661 -18.93654
  37.54346 -18.61029
  37.65540 -18.29169
  37.79114 -17.96591
  37.95318 -17.65257
  38.15101 -17.34980
  38.36581 -17.05872
  38.79500 -16.45031
  39.13464 -15.78883
  39.34341 -15.08194
  39.47946 -14.35641
  39.59082 -13.59807
  39.67070 -12.83579
  39.69480 -12.08395
  39.58378 -11.34209
  39.45942 -11.02454
  39.26546 -10.74486
  38.99654 -10.52240
  38.70023 -10.33533
  38.08796  -9.92912
  37.56117  -9.42171
  37.38335  -9.11805
  37.28629  -8.78008
  37.24533  -8.42664
  37.21403  -8.07215
  37.17009  -7.70872
  37.09454  -7.35079
  37.03520  -7.16484
  37.11706  -6.88106
  37.16639  -6.59737
  37.26507  -6.30135
  37.42541  -5.98066
  37.53642  -5.54896
  37.69676  -5.08026
  37.83244  -4.56222
  37.91878  -4.29087
  38.02979  -3.95785
  38.06679  -3.67416
  38.15313  -3.35347
  38.27647  -2.88477
  38.36281  -2.50241
  38.44915  -2.15705
  38.53549  -1.81169
  38.62183  -1.51567
  39.00000   1.19611
  36.47581   1.19611
  36.69649   1.93232
  36.89235   2.67546
  37.05048   3.43732
  37.13199   4.21082
  37.12997   4.96638
  37.10228   5.72178
  37.15400   5.97383
  37.24670   6.71754
  37.44133   7.70620
  37.71435   8.66179
  37.71435   9.61738
  37.98738  10.39095
  38.30591  11.39204
  39.00000   9.80000
  43.35687   9.80000
  43.81191   8.93481
  44.26695   8.16124
  44.63098   7.29666
  45.08602   6.25007
  45.41250   5.39779
  45.94140   5.43421
  46.47030   5.47133
  47.14980   6.08291
  47.61600   6.98268
  47.89310   7.58001
  48.16710   8.18373
  48.54890   8.94620
  48.51240  10.39710
  48.45760  11.84540
  48.38470  13.29000
  48.29380  14.73000
  48.18500  16.16440
  47.93770  17.47290
  47.67560  18.76860
  47.39910  20.05100
  47.10850  21.31960
  46.92350  22.72150
  46.72160  24.11330
  46.50290  25.49430
  46.26770  26.86380
  45.89320  28.12360
  45.50500  29.36620
  44.91550  29.43160
  43.98240  28.76470
  43.04560  28.11840
  42.27480  28.42640
  41.50320  28.72690
  40.98610  29.03020
  41.06820  30.00710
  40.90100  30.77450
  40.91490  31.11610
  40.97860  31.48170
  41.16010  32.39250
  41.32310  33.40530
  41.45870  34.28640
  41.42310  34.83170
  41.30180  35.52720
  41.14870  36.16860
  40.90030  37.06200
  40.56900  38.02130
  41.24640  39.71870
  41.99780  39.62890
  42.74920  39.53700
  43.31780  38.45570
  43.87610  37.35410
  44.42360  36.23190
  44.53326  36.17304
  45.07122  36.33102
  45.56280  36.25570
  45.63630  37.80230
  45.68890  39.35230
  45.51850  40.73220
  45.33160  42.10340
  45.12840  43.46510
  44.90910  44.81680
  44.51100  45.80290
  44.10440  46.77550
  43.68980  47.73460
  43.21580  48.66920
  42.73430  49.58930
  42.24550  50.49520
  41.74980  51.38700
  41.24720  52.26500
  40.95020  53.29210
  40.64420  54.30990
  40.60490  55.42210
  40.55500  56.53280
  40.49450  57.64170
  40.77580  58.81050
  40.87140  60.00000
  40.84721  61.14219
  40.84721  62.09728
  40.88394  63.08911
  41.21047  63.89727
  41.77374  65.18298
  42.41047  66.32175
  43.10435  67.16664
  43.32476  68.26868
  43.54516  69.29724
  43.74516  70.03193
  43.92884  70.87682
  44.30230  71.79519
  44.78598  72.89722
  45.18292  74.10946
  45.02679  75.10129
  44.86353  76.09312
  44.94107  76.90128
  45.19209  77.48903
  45.77984  78.15025
  46.14106  78.77474
  46.37575  79.25229
  46.69004  79.29310
  47.46105  80.02371
  47.01248  79.70065
  48.04717  80.13392
  48.85533  80.13392
  49.88389  80.24412
  50.48083  80.26249
  51.35390  80.29800
  51.93184  80.26249
  52.42775  80.17065
  52.99714  80.09718
  53.54816  80.13392
  54.13591  80.02371
  54.57672  80.00535
  54.72366  81.03391
  54.79713  82.04411
  54.77876  82.68696
  54.79713  83.34818
  54.83386  84.13797
  54.87060  84.70736
  54.98080  85.49715
  54.96243  86.37878
  54.98080  87.33388
  55.05427  88.32571
  55.01754  89.13387
  55.03590  89.97876
  54.72366  90.80528
  54.48200  91.38720
  54.51930  92.81830
  54.53970  94.25140
  54.54310  95.68530
  54.52960  97.11890
  54.26350  98.42510
  53.98340  99.71410
  53.30710 101.21200
  52.61260 102.66300
  52.10020 103.60100
  51.42670 104.42000
  51.76480 105.05800
  52.09940 105.70500
  52.43050 106.36200
  52.75780 107.02900
  53.08130 107.70600
  53.40090 108.39300
  54.15030 108.69100
  54.89890 109.00000
  55.33080 109.37500
  55.76160 109.75800
  56.22070 110.92400
  56.29540 112.30500
  56.41790 113.65600
  56.52560 115.01500
  56.61840 116.38200
  56.80210 117.25300
  56.97960 118.13300
  57.15090 119.02100
  57.31590 119.91800
  57.30210 120.85100
  57.28140 121.78400
  57.25380 122.71500
  57.21940 123.64500
  57.17810 124.57300
  57.12990 125.49900
  56.77410 126.96000
  56.40150 128.39300
  56.01270 129.79800
  55.86110 130.74700
  55.70220 131.68800
  55.49130 132.67400
  55.27260 133.65000
  55.06020 135.13800
  54.82990 136.61000
  54.58830 137.91800
  54.33280 139.21100
  54.10280 140.14500
  54.07420 141.27800
  54.03490 142.40900
  54.57380 142.17900
  55.11230 141.94300
  55.65030 141.70000
  56.18780 141.45100
  56.65810 141.53500
  57.12830 141.62100
  57.59850 141.70900
  58.06860 141.80000
  58.53870 141.89300
  59.00870 141.98800
  59.47860 142.08600
  59.93262 142.18700
  61.93262 142.18700
  62.18170 142.94300
  62.51070 143.71500
  62.83510 144.50200
  63.14490 145.30600
  63.58670 146.00800
  64.16740 145.43521
  64.49597 144.76244
  64.78362 144.10398
  65.04217 143.43345
  65.17679 143.08856
  65.31597 142.74536
  65.37933 142.57562
  65.44447 142.40665
  65.47658 142.33300
  65.52737 142.27281
  65.53437 142.22910
  65.53236 142.18709
  65.53507 142.24225
  65.53074 142.30244
  65.53109 142.38855
  65.53109 142.47474
  65.53000 142.63581
  65.52726 142.79696
  65.51573 143.11440
  65.49321 143.43121
  65.38807 144.03930
  65.31914 144.65011
  65.60393 143.99760
  65.81359 143.31640
  65.99748 142.62018
  66.14138 141.91500
  66.18096 141.58720
  66.20599 141.25785
  66.23759 140.93756
  66.32838 140.63018
  66.39228 140.50655
  66.45564 140.38269
  66.52268 140.23036
  66.59668 140.08127
  66.78967 139.85575
  67.06854 139.76686
  67.24810 139.74404
  67.41099 139.66358
  67.57130 139.52555
  67.71295 139.36804
  67.97089 139.02786
  68.25366 138.71035
  68.60409 138.51083
  68.99471 138.40128
  69.18867 138.34232
  69.26750 138.07300
  69.69090 135.28900
  69.69085 134.84075
  69.39775 135.54308
  69.15362 136.26397
  69.13207 136.33669
  69.11107 136.40957
  69.15260 134.88292
  69.23499 133.34929
  69.35824 131.84902
  69.47639 130.34789
  69.80656 128.81210
  70.00730 127.61200
  70.53400 125.47900
  71.13520 123.27800
  71.52460 121.83500
  71.90260 120.33200
  72.41020 119.44500
  72.91360 118.50700
  73.79550 117.63400
  74.67980 117.97900
  75.09329 118.04140
  75.59308 118.42328
  76.28504 119.42996
  76.77809 120.55440
  77.30982 121.90721
  77.82338 123.26715
  78.05315 123.97180
  78.32030 124.66128
  78.59800 125.08609
  78.84909 125.49203
  78.99010 125.18800
  79.75930 123.40800
  80.20610 122.63900
  80.64340 121.89800
  81.11460 121.00400
  81.59530 119.98400
  82.08740 119.10000
  82.29810 117.75500
  82.53940 117.17100
  82.74020 116.58200
  83.01410 115.79300
  83.15080 115.25800
  83.32090 114.55800
  83.51240 113.72300
  83.67440 112.84300
  83.82380 111.97400
  83.96550 110.95900
  84.10970 109.72700
  84.19360 108.93900
  84.29460 107.70900
  84.36860 106.75900
  84.48550 105.30200
  84.57850 103.94300
  84.66390 102.91800
  84.91080  99.44360
  84.96040  98.56820
  85.02790  97.27270
  85.10180  95.83920
  85.15450  94.15540
  85.22920  92.31290
  85.29570  89.98040
  85.34560  88.48630
  85.41750  86.80210
  85.49980  84.80210
  85.55600  83.14250
  85.63880  81.10270
  85.76820  78.40340
  85.91670  76.32600
  85.98850  75.02930
  86.10630  72.98420
  86.20260  70.92590
  86.30580  68.20810
  86.47240  69.75220
  86.60650  66.30100
  86.65490  66.54380
  86.75480  62.46250
  86.80490  61.50560
  86.78750  58.01780
  86.74590  54.56140
  86.70600  50.76960
  86.64060  47.52350
  86.59820  46.06250
  86.56120  46.31370
  86.49580  43.47950
  86.43160  41.75550
  86.29150  38.30130
  86.16070  35.60670
  86.05340  33.34000
  85.90830  30.97210
  85.81010  29.22940
  85.87450  28.14330
  85.86740  27.42730
  85.85910  25.38280
  85.81740  23.34700
  85.79870  21.34260
  85.68420  19.28450
  85.59120  17.89000
  85.48550  16.06260
  85.37970  14.66620
  85.28140  13.24200
  85.13730  11.70360
  85.06700  10.65880
  84.95790   9.80850
  85.00940   8.93766
  84.89820   8.13393
  84.76220   6.66540
  84.63210   5.17750
  84.57020   4.50755
  84.59690   4.03467
  84.56110   3.84819
  84.46180   3.02402
  84.34350   2.23513
  84.22330   1.30114
  84.10170   0.40499
  83.99650  -0.46912
  83.86420  -1.20617
  83.68960  -2.36257
  83.57030  -3.20433
  83.42960  -4.14804
  83.24910  -5.15419
  83.00040  -6.23430
  82.86850  -7.21240
  82.69120  -5.86541
  82.51940  -5.00975
  82.32810  -3.69993
  82.29030  -3.79607
  82.05010  -4.53664
  81.91280  -5.03297
  81.62030  -3.90911
  81.55210  -4.15208
  81.36970  -4.64116
  81.25050  -3.45411
  81.12560  -2.41413
  80.99290  -2.77949
  80.79220  -3.36375
  80.75550  -2.94156
  80.62480  -1.68388
  80.37040  -2.34079
  80.30850  -1.76559
  80.21320  -0.96877
  80.14210  -0.25072
  80.02640   0.62793
  79.90850   1.48660
  79.77970   2.37761
  79.65750   3.29588
  79.53270   4.39026
  79.22800   3.90068
  79.03020   3.43173
  78.95000   3.85706
  78.80580   4.69068
  78.64100   5.59209
  78.44380   6.77554
  78.23470   7.78484
  78.09030   7.82691
  77.91120   7.77119
  77.71190   7.88003
  77.47910   7.80900
  77.14840   7.67201
  76.96920   7.62226
  76.79850   7.61545
  76.60150   7.56302
  76.43070   7.55713
  76.27900   7.48044
  76.11670   7.51523
  75.98070   7.59292
  75.72890   7.60333
  75.52730   7.84163
  75.38170   7.94643
  75.18820   8.21220
  75.07550   8.46028
  74.94620   8.63037
  74.76310   8.78099
  74.54260   8.98399
  74.37720   9.13259
  74.23270   9.15258
  74.09640   9.20769
  73.97950   9.20295
  73.88200   9.13963
  73.75850   9.03691
  73.70640   8.95698
  73.62820   8.83803
  73.53350   8.65212
  73.48530   8.38583
  73.42720   8.15023
  73.37120   7.79122
  73.25240   7.39100
  73.20350   7.07072
  73.14480   6.78173
  73.01880   6.05514
  72.92430   5.58598
  72.82050   4.96961
  72.69700   4.29990
  72.58010   3.60937
  72.43310   2.78103
  72.32780   1.99058
  72.13370   0.90072
  72.01480   0.28107
  71.91050  -0.39248
  71.81510  -0.97503
  71.68510  -1.74252
  71.59170  -2.39894
  71.50020  -2.93661
  71.39800  -3.69231
  71.49050  -4.07245
  71.43240  -4.36039
  71.33320  -4.74125
  71.43100  -5.15729
  71.53980  -5.69853
  71.46460  -5.91711
  71.38720  -6.33268
  71.28160  -6.89992
  71.12480  -7.37469
  71.21660  -7.94124
  71.45610  -9.39339
  71.61450 -10.35600
  71.77440 -11.36950
  71.58780 -11.71380
  71.39580 -12.10570
  71.25220 -12.35910
  71.14720 -11.86490
  71.05190 -11.35630
  70.87630 -11.66890
  70.70650 -12.00940
  70.56300 -12.25490
  70.69770 -12.90460
  70.77160 -13.39570
  70.81580 -13.89240
  70.72610 -14.03640
  70.51740 -14.23670
  70.35390 -14.44790
  70.38910 -14.73390
  70.16850 -15.02450
  69.83970 -15.42450
  69.54990 -15.71560
  69.26470 -16.03350
  69.03790 -16.26270
  68.80840 -16.48740
  68.86490 -17.15370
  68.69950 -17.39170
  68.39980 -17.82910
  68.06620 -18.22030
  67.73760 -18.48990
  67.44340 -18.75620
  67.05810 -19.09880
  66.93370 -18.11800
  66.78070 -18.24730
  66.68520 -17.47350
  66.36450 -17.71780
  66.20300 -16.50680
  64.48920 -16.50680
  64.18230 -18.62610
  63.98490 -19.04070
  63.66250 -19.23770
  63.84940 -20.09670
  63.81710 -20.73130
  63.86720 -21.29760
  63.72240 -22.06560
  63.63610 -22.53740
  63.66730 -22.87200
  63.64980 -23.05860
  63.65080 -23.33030
  63.56820 -23.48730
  63.47370 -23.74050
  63.35510 -24.00950
  63.22970 -24.25470
  63.11020 -24.51930
  62.99220 -24.72070
  62.92380 -24.88810
  62.80030 -25.03510
  62.71000 -25.15640
  62.61370 -25.31120
  62.62000 -25.44870
  62.50310 -25.64350
  62.37510 -25.87480
  62.23730 -26.10720
  62.10500 -26.30890
  61.93920 -26.52650
  61.82520 -26.76800
  61.66540 -27.03160
  61.53200 -27.22570
  61.39760 -27.38880
  61.25190 -27.58170
  61.06640 -27.85450
  60.95630 -28.02370
  60.84830 -28.19240
  60.70450 -28.40770
  60.56610 -28.64160
  60.41860 -28.82860
  60.33340 -28.92660
  60.33990 -29.02850
  60.27310 -29.11800
  60.16780 -29.22450
  60.08270 -29.37170
  59.96920 -29.50750
  59.86780 -29.63620
  59.75080 -29.84950
  59.61820 -30.04290
  59.52860 -30.16300
  59.38970 -30.30550
  59.23830 -30.45270
  59.09250 -30.64660
  58.94080 -30.79110
  58.97590 -30.97700
  58.89230 -31.03920
  58.80480 -31.17800
  58.68960 -31.30310
  58.57430 -31.42740
  58.44660 -31.55600
  58.46830 -31.74510
  58.39670 -31.79960
  58.34020 -31.87230
  58.24920 -31.98350
  58.14840 -32.12250
  57.99790 -32.28050
  58.00620 -32.47240
  57.95660 -32.49180
  57.88000 -32.61880
  57.77350 -32.70820
  57.64220 -32.80650
  57.66710 -32.91770
  57.60760 -32.96410
  57.54800 -33.01040
  57.45120 -33.07030
  57.28490 -33.20310
  57.26470 -33.37730
  57.26430 -33.49660
  57.16250 -33.50900
  57.08800 -33.53540
  57.00100 -33.56620
  56.87450 -33.58710
  56.87150 -33.68240
  56.88330 -33.79610
  56.90190 -33.97810
  56.82740 -34.00350
  56.77990 -34.04300
  56.73880 -34.07240
  56.74620 -34.21850
  56.65920 -34.24740
  56.57660 -34.32140
  56.50200 -34.34600
  56.49850 -34.44020
  56.43630 -34.46040
  56.33680 -34.49270
  56.21010 -34.51040
  56.06080 -34.55830
  55.93860 -34.62030
  55.81190 -34.63760
  55.84850 -34.87740
  55.77380 -34.90060
  55.69090 -34.97170
  55.48350 -35.08040
  55.32590 -35.17320
  55.14120 -35.25080
  54.99590 -35.33860
  54.97070 -35.21200
  54.91270 -35.27390
  54.78600 -35.28900
  54.67810 -35.36510
  54.51610 -35.41230
  54.33130 -35.48780
  54.32690 -35.31320
  54.30760 -35.12100
  54.22040 -35.14690
  54.11050 -35.20120
  53.95070 -35.26980
  53.82820 -35.32720
  53.66840 -35.39500
  53.54590 -35.45170
  53.51210 -35.24570
  53.47470 -35.25650
  53.38750 -35.28180
  53.23800 -35.32480
  53.21050 -35.18280
  53.13360 -35.18370
  52.99010 -35.16130
  52.86110 -35.15610
  52.70510 -35.13760
  52.70440 -35.01070
  52.70360 -34.88370
  52.70800 -34.92480
  52.68220 -34.57190
  52.66300 -34.17450
  52.64770 -33.71190
  52.62810 -33.33540
  52.61510 -33.02040
  52.59460 -32.85700
  52.58100 -32.64860
  52.55640 -32.35890
  52.51600 -32.05350
  52.50380 -31.86600
  52.46490 -31.58170
  52.41970 -31.25730
  52.34270 -31.26510
  52.26280 -31.25270
  52.10890 -31.26840
  52.10480 -31.05790
  52.09450 -30.80740
  52.05680 -30.37640
  52.02970 -30.02620
  51.95280 -30.03610
  51.85750 -30.01100
  51.76520 -30.00600
  51.62050 -30.00100
  51.42360 -29.99610
  51.25440 -30.00100
  51.10670 -29.97650
  50.98980 -29.98150
  50.93130 -29.94250
  50.86050 -29.90850
  50.78970 -29.87460
  50.74350 -29.83090
  50.69410 -29.76800
  50.59840 -29.66190
  50.49950 -29.53680
  50.46860 -29.50810
  50.41590 -29.42660
  50.31990 -29.32180
  50.22060 -29.19820
  50.19540 -29.12650
  50.15150 -29.02170
  50.06810 -28.99470
  49.98800 -28.98680
  49.90470 -28.96000
  49.81480 -28.89520
  49.73140 -28.86860
  49.65700 -28.81810
  49.65280 -28.71830
  49.63860 -28.56190
  49.58300 -28.54460
  49.48060 -28.48610
  49.36930 -28.45180
  49.28580 -28.42620
  49.22010 -28.35300
  49.16110 -28.31740
  49.09870 -28.26310
  48.99620 -28.20580
  48.90930 -28.16220
  48.80340 -28.08680
  48.68850 -28.03530
  48.60500 -28.01080
  48.60890 -27.88950
  48.58480 -27.76020
  48.51690 -27.74940
  48.42100 -27.73060
  48.32520 -27.71180
  48.20500 -27.70360
  48.09000 -27.65360
  47.99420 -27.63510
  47.88610 -27.62180
  47.77460 -27.59050
  47.65080 -27.56440
  47.65780 -27.46350
  47.60200 -27.44800
  47.52190 -27.44290
  47.47310 -27.46360
  47.39290 -27.45850
  47.34060 -27.46120
  47.26400 -27.47410
  47.20470 -27.44070
  47.11400 -27.38190
  46.99900 -27.33360
  46.92230 -27.34660
  46.84910 -27.37740
  46.75680 -27.37750
  46.75510 -27.43600
  46.69060 -27.44370
  46.63830 -27.44630
  46.48500 -27.47170
  46.35600 -27.48680
  46.30370 -27.48930
  46.20270 -27.51200
  46.21310 -27.56490
  46.14860 -27.57230
  46.07190 -27.58470
  45.98300 -27.60200
  45.98460 -27.67730
  45.93580 -27.69710
  45.88350 -27.69940
  45.87820 -27.73940
  45.82930 -27.75920
  45.70030 -27.77340
  45.59920 -27.79520
  45.52590 -27.82460
  45.53620 -27.87700
  45.52060 -27.86440
  45.48050 -27.86160
  45.45610 -27.87140
  45.46630 -27.92360
  45.42960 -27.93820
  45.38960 -27.93540
  45.33730 -27.93740
  45.34410 -27.97210
  45.27960 -27.97900
  45.21510 -27.98570
  45.16280 -27.98770
  45.09830 -27.99450
  45.12740 -28.07630
  45.06630 -28.10020
  45.02960 -28.11460
  44.96850 -28.13850
  44.91960 -28.15750
  44.90940 -28.10570
  44.86390 -28.14210
  44.81160 -28.14380
  44.75050 -28.16760
  44.62810 -28.21500
  44.51800 -28.25740
  44.40460 -28.28250
  44.30670 -28.32000
  44.18430 -28.36660
  44.19760 -28.43490
  44.14530 -28.43640
  44.09630 -28.45490
  44.02290 -28.48270
  43.93050 -28.48090
  43.84480 -28.51310
  43.76800 -28.52370
  43.76840 -28.79640
  43.69810 -28.84050
  43.62780 -28.88450
  43.49290 -28.93390
  43.38900 -29.00790
  43.20820 -29.09140
  43.07960 -29.17360
  43.08070 -29.31680
  43.02840 -29.31750
  42.95150 -29.32680
  42.83780 -29.34920
  42.72400 -29.37150
  42.71450 -29.32140
  42.67440 -29.31770
  42.61300 -29.33940
  42.52710 -29.36960
  42.41330 -29.39180
  42.29050 -29.43470
  42.28910 -29.22260
  42.23680 -29.22330
  42.17540 -29.24490
  42.08310 -29.24200
  41.92940 -29.26060
  41.91010 -29.16160
  41.79970 -29.20030
  41.68280 -29.20600
  41.52000 -29.24520
  41.38490 -29.29200
  41.24670 -29.32230
  41.21530 -29.22860
  41.12610 -29.24200
  40.98470 -29.25600
  40.87100 -29.27770
  40.70500 -29.29990
  40.56990 -29.34600
  40.59870 -29.56050
  40.54950 -29.57700
  40.46950 -29.56950
  40.38350 -29.59840
  40.28510 -29.63130
  40.20820 -29.63980
  40.10680 -29.65650
  40.10650 -29.58810
  40.07880 -29.58020
  40.03280 -29.61270
  39.99280 -29.60890
  39.39960 -29.76980
