GP
   2.57438 -102.08200
   2.50246 -102.07700
   2.48615 -102.08500
   2.41199 -102.08500
   2.39090 -102.09000
   2.32729 -102.08800
   2.30830 -102.08000
   2.16104 -102.07500
   2.13734 -102.06700
   2.02449 -102.07500
   1.97154 -102.07600
   1.90349 -102.08800
   1.90382 -102.10400
   1.77843 -102.13300
   1.75155 -102.26200
   1.54137 -102.23000
   1.52778 -102.25700
   1.36110 -102.22200
   1.34857 -102.24300
   1.22065 -102.20300
   1.21398 -102.22300
   1.13426 -102.18100
   1.20646 -102.08200
   1.26876 -101.95900
   1.33439 -101.82500
   1.40377 -101.64400
   1.31773 -101.58000
   1.38887 -101.48700
   1.33816 -101.42300
   1.39907 -101.34800
   1.35013 -101.31500
   1.42309 -101.19500
   1.38576 -101.15300
   1.47077 -101.04700
   1.51368 -101.07400
   1.65513 -100.96400
   1.67885 -100.97300
   1.74348 -100.90800
   1.83189 -100.97400
   1.90637 -101.04900
   1.98018 -101.14900
   2.04850 -101.27000
   2.10436 -101.35600
   2.16015 -101.43800
   2.23226 -101.51200
   2.60499 -101.49000
   2.63971 -101.69700
   2.64213 -101.87800
   2.63532 -102.06800
