IN
  12.74550  58.23920
  12.28350  58.01740
  11.82130  57.79630
  11.35890  57.57600
  10.89630  57.35640
  10.43360  57.13750
   9.97076  56.91920
   9.85724  56.97750
   9.85747  57.02890
   9.68141  57.26060
   9.94156  57.49060
   9.53244  58.06300
   9.45008  58.01840
   9.29259  58.26250
   9.08978  58.14760
   8.86262  58.43020
   8.64690  58.25140
   8.40075  58.61060
   8.16694  58.91830
   8.09719  58.88000
   7.76825  59.30920
   7.67308  59.21970
   7.31217  59.69970
   6.95076  60.17890
   6.76686  60.03830
   6.30983  60.67010
   5.90952  61.14170
   5.48967  61.65730
   5.26156  61.52930
   4.91131  61.99970
   4.52272  62.45680
   4.10805  63.00230
   3.89294  62.86780
   3.63067  63.33070
   3.70015  63.38820
   3.48212  63.81920
   3.60222  63.88980
   3.21695  64.61810
   3.29895  64.68220
   2.92078  65.21280
   3.29907  65.48900
   2.97150  65.96260
   2.75200  66.37950
   2.39253  66.17940
   2.05200  65.99230
   1.85871  66.33280
   1.62094  66.67280
   1.33138  66.49250
   1.06795  66.86980
   0.72201  66.65730
   0.33713  67.15940
  -0.03884  66.83920
  -0.33984  67.20890
  -0.57788  67.02310
  -1.03960  67.66200
  -1.43996  67.36710
  -1.91296  67.92910
  -1.85492  67.91960
  -1.77988  67.98540
  -1.74050  68.02191
  -1.70112  68.05835
  -1.64669  68.11305
  -1.61826  68.18423
  -1.28779  68.78528
  -0.74476  69.22534
  -0.46710  69.44595
  -0.23345  69.71119
   0.20766  69.85230
   0.59774  70.68190
   0.98819  71.51090
   1.37226  72.34610
   1.76337  73.17420
   2.15474  74.00850
   2.53977  74.84220
   2.92509  75.67540
   3.31730  76.50810
   3.70313  77.34040
   4.08917  78.17870
   4.46881  79.01660
   4.85529  79.85390
   5.23536  80.69080
   5.62220  81.52720
   6.21387  82.14480
   6.80489  82.76860
   7.39519  83.39170
   7.98473  84.01430
   8.57345  84.64300
   8.97152  84.85375
   9.63903  85.03297
  10.13704  85.47875
  10.31687  86.19675
  10.33410  86.53200
  10.50420  87.39000
  10.66180  88.24790
  10.82640  89.10560
  10.98490  89.96310
  11.13740  90.82700
  11.30030  91.59070
  11.79150  91.64260
  12.28320  91.70000
  13.15370  91.88890
  13.71490  92.06820
  14.37450  92.42650
  15.12120  92.89790
  15.80090  93.25880
  16.57230  93.45290
  17.23480  93.58160
  17.75419  93.65944
  17.77125  93.55167
  17.88467  93.44088
  18.03055  93.37543
  18.18346  93.34642
  18.33533  93.31880
  18.41939  93.22047
  18.50058  93.11309
  18.57323  93.09854
  18.64556  93.11432
  18.68278  93.13668
  18.72212  93.15386
  18.83356  93.08199
  18.90807  92.95572
  18.95592  92.89368
  19.01584  92.84385
  19.07521  92.81291
  19.13103  92.77639
  19.22735  92.65849
  19.31841  92.53563
  19.40375  92.45687
  19.50076  92.39289
  19.44197  92.45888
  19.38340  92.52495
  19.66033  92.30283
  20.02592  92.26539
  20.39391  92.28906
  20.75773  92.25162
  21.06963  92.09789
  21.37042  91.91848
  21.69598  91.76886
  22.02908  91.63664
  22.69109  91.36555
  23.36615  91.13059
  23.70814  91.05554
  24.05610  91.01887
  24.40099  91.04595
  24.70276  91.20393
  24.61010  90.66680
  25.38530  90.19300
  26.15900  89.71300
  26.81101  89.41083
  26.78600  88.27060
  26.80900  87.69870
  26.92400  87.16720
  26.57020  86.77240
  26.63790  86.43320
  26.99660  86.20360
  27.07210  85.57060
  27.20760  84.60220
  27.35160  84.10980
  27.49380  83.61610
  27.78190  82.89030
  28.06470  82.15150
  28.31530  81.31690
  28.68670  80.99790
  28.87110  80.49950
  28.99580  80.18610
  29.03960  79.74620
  29.29090  79.15820
  29.57860  78.86980
  29.78850  78.38180
  30.12760  78.03340
  30.46050  77.60260
  30.63470  76.96980
  31.04770  76.47720
  31.53050  75.68010
  32.36270  75.42840
  32.54168  75.12300
  32.68872  74.78441
  32.85239  74.45541
  32.90693  74.29991
  32.90631  74.13299
  32.93006  73.99880
  33.01315  73.89057
  33.13767  73.79084
  33.23395  73.66659
  33.20169  73.55298
  33.08549  73.49221
  32.93443  73.42722
  32.81146  73.32023
  32.73889  73.18151
  32.69711  73.03018
  32.64818  72.69066
  32.57426  72.35656
  32.45581  72.06640
  32.49140  71.77755
  32.73491  71.57675
  32.79680  71.28410
  32.66369  71.13902
  32.42664  71.18439
  32.23013  71.06718
  32.18240  70.78321
  31.76440  70.28520
  31.31120  70.44140
  30.85780  70.59610
  30.30360  70.61100
  29.74930  70.62570
  29.10200  70.42610
  28.78120  69.71310
  28.63313  69.52896
  28.47546  69.24777
  28.43697  68.92848
  28.56482  68.63121
  28.82047  68.42468
  29.12328  68.22364
  29.32215  67.93194
  29.23681  67.63478
  28.43210  67.56840
  28.26690  67.66700
  27.77360  67.65600
  26.94640  67.57490
  26.37860  67.58000
  26.10068  67.81074
  25.79783  67.95074
  25.48168  67.97263
  25.18417  67.86324
  24.95296  67.64325
  24.80910  67.35730
  24.70701  67.00247
  24.62129  66.64326
  24.45680  66.33850
  24.38600  65.70830
  24.31250  65.07890
  24.38240  65.02820
  24.03830  64.65110
  23.69360  64.27540
  23.20080  63.63130
  22.68300  62.87720
  22.38500  62.50250
  22.08280  62.13250
  21.42490  62.09630
  21.12580  61.84810
  20.64430  61.49190
  20.23030  61.23010
  19.81270  60.96960
  19.30570  60.71220
  18.79830  60.45640
  18.23970  60.21480
  17.45770  60.06190
  16.71260  60.02020
  16.14230  59.96420
  15.57210  59.90860
  15.24180  59.64230
  14.89510  59.40960
