JF
  48.49517 -128.23167
  48.49517 -128.79549
  48.47600 -129.14700
  48.32360 -128.94000
  47.83540 -129.19000
  47.72700 -128.93800
  47.06470 -129.25900
  46.40150 -129.57200
  46.43320 -129.80300
  46.22910 -129.91700
  46.19580 -130.05100
  45.94270 -130.07300
  45.89600 -129.86900
  45.73620 -129.93600
  45.41400 -130.18700
  45.28540 -130.06900
  44.92950 -130.36700
  44.58920 -130.48000
  44.20750 -129.49800
  43.81760 -128.52800
  43.41950 -127.57100
  43.01360 -126.62700
  43.03520 -126.20500
  43.07660 -125.55100
  43.14260 -125.34300
  43.26710 -125.39400
  43.42600 -125.47400
  43.73750 -125.48000
  43.92540 -125.45000
  44.00230 -125.42900
  44.06630 -125.36200
  44.32260 -125.37200
  44.52270 -125.37200
  44.66750 -125.37600
  44.72540 -125.43400
  44.88130 -125.43700
  45.10360 -125.43500
  45.47380 -125.51700
  45.94610 -125.65500
  46.29500 -125.77300
  46.64330 -125.87600
  46.96970 -125.99800
  47.35030 -126.08500
  47.74800 -126.37000
  47.99560 -126.48600
  48.29100 -126.73300
  48.56460 -127.01800
  48.49517 -127.51232
