JZ
 -31.77370 -112.04100
 -31.94850 -112.06300
 -32.11440 -112.06500
 -32.34260 -112.15100
 -32.32780 -112.35600
 -32.48890 -112.41500
 -32.79380 -112.41800
 -33.11200 -112.44200
 -33.39890 -112.46000
 -33.64980 -112.50400
 -33.66260 -112.60400
 -33.99880 -112.62800
 -34.29960 -112.56200
 -34.55620 -112.41700
 -34.67420 -112.18700
 -34.81140 -111.75600
 -34.91230 -111.39900
 -34.99480 -111.12600
 -35.09080 -110.82700
 -35.06130 -110.52700
 -34.94600 -110.32600
 -34.81710 -110.14100
 -34.70190 -109.91900
 -34.60920 -109.69100
 -34.54460 -109.25900
 -34.20370 -109.27700
 -33.91670 -109.27000
 -33.70190 -109.20500
 -33.39170 -109.32300
 -33.14010 -109.41000
 -33.02040 -109.18300
 -32.93650 -108.97200
 -32.66150 -109.20600
 -32.40000 -109.43500
 -32.11520 -109.79100
 -31.91980 -110.21000
 -31.71500 -110.68700
 -31.56380 -111.20200
 -31.55640 -111.66000
 -31.53620 -112.02300
