LW
 -22.00000  43.50000
 -26.01055  36.42366
 -26.02153  36.27973
 -25.99361  36.14000
 -36.98370  37.56150
 -37.84040  37.17400
 -38.69590  36.77740
 -39.55000  36.37130
 -40.40260  35.95500
 -41.25370  35.52800
 -42.10320  35.08980
 -42.93070  34.63600
 -43.74670  34.15680
 -44.56070  33.67750
 -45.38180  33.17060
 -46.19110  32.66260
 -46.99750  32.12520
 -46.99980  32.12580
 -47.26440  33.17390
 -46.80550  33.35850
 -46.34640  33.54000
 -45.97910  33.81840
 -46.08120  33.98240
 -46.08990  34.08690
 -46.21230  34.26720
 -46.22160  34.50370
 -45.97140  34.70400
 -45.46570  34.86820
 -45.10580  35.01450
 -44.85550  35.18190
 -44.86600  35.66030
 -44.96070  35.97290
 -44.96650  36.30290
 -44.91970  36.67740
 -44.80430  37.08550
 -44.87530  37.50830
 -44.61880  38.08270
 -44.40100  38.19370
 -44.05470  38.33830
 -44.16480  39.07290
 -43.72570  39.26730
 -43.28620  39.45880
 -43.43760  40.50580
 -43.57940  41.55780
 -43.11740  41.68590
 -42.65530  41.81200
 -42.72990  42.46860
 -42.26020  42.57190
 -41.79040  42.67370
 -41.32050  42.77400
