MA
  11.99360 143.50300
  12.28960 144.15700
  12.52060 144.61900
  12.71120 145.02400
  12.81410 145.34900
  13.04660 145.69100
  13.60150 146.22100
  14.21580 146.70100
  14.96610 146.96200
  15.65300 147.05400
  16.52340 147.08700
  17.28310 147.15600
  18.06020 147.11100
  18.64650 147.12000
  19.17240 147.01900
  19.74520 146.96000
  20.30340 146.70700
  20.80510 146.41900
  21.33060 146.22200
  21.72980 145.94500
  22.20150 145.56200
  22.71230 144.79200
  23.25010 143.70600
  23.10120 142.88600
  23.00910 142.25700
  22.66200 142.56000
  22.37660 142.77400
  22.13850 142.99700
  21.92780 143.15000
  21.65900 143.21800
  21.32030 143.28000
  21.06060 143.32100
  20.96190 143.28100
  20.72830 143.39200
  20.53250 143.49300
  20.39680 143.57500
  20.41780 143.84200
  20.11090 143.97000
  19.85770 144.08300
  19.75330 144.13700
  19.72530 144.25200
  19.12340 144.52700
  19.07270 144.54300
  18.75560 144.60100
  18.35910 144.62600
  18.16560 144.66300
  18.01980 144.70600
  17.82950 144.77300
  17.53460 144.97000
  17.42010 144.67100
  16.97930 144.79800
  16.47800 144.84100
  16.12270 144.79200
  15.65310 144.79900
  15.52560 144.45300
  14.91670 144.53000
  14.88450 144.33400
  14.65570 144.21600
  14.63940 144.08200
  14.08700 143.97600
  13.81080 143.94200
  13.62350 143.90300
  13.54090 143.87100
  13.26760 143.77100
  13.05770 143.66200
  12.82220 143.51000
  12.69470 143.40300
  12.47810 143.23900
  12.26500 143.14300
  12.03010 143.10600
