NA
  25.25420 -45.79150
  25.19180 -45.49880
  25.63670 -45.29600
  26.08140 -45.09170
  26.05540 -44.89890
  26.27000 -44.81630
  26.27960 -44.86660
  26.76680 -44.68700
  27.25380 -44.50590
  27.23550 -44.38310
  27.67130 -44.20310
  28.10690 -44.02170
  28.10490 -43.94230
  28.81080 -43.56320
  28.80210 -43.48280
  29.46910 -43.08820
  29.47140 -43.03730
  30.06970 -42.72860
  29.97330 -42.13640
  30.60560 -41.78570
  31.23700 -41.43040
  31.19410 -41.18360
  31.81730 -40.71000
  31.80250 -40.55260
  32.44400 -40.12930
  33.08410 -39.69990
  33.06730 -39.58600
  33.76760 -39.39930
  33.63700 -38.59720
  33.50120 -37.79750
  33.73620 -37.67760
  33.70520 -37.53280
  34.13620 -37.33640
  34.12380 -37.24460
  34.56690 -37.04610
  34.55420 -36.86180
  34.71220 -36.78460
  34.69290 -36.62310
  35.27980 -36.37310
  35.14770 -35.55840
  35.01020 -34.74640
  35.62460 -34.45950
  35.61600 -34.33540
  36.07940 -34.14240
  36.07130 -34.05680
  36.22120 -33.98160
  36.18500 -33.77170
  36.74220 -33.59470
  36.69100 -33.31350
  36.94080 -33.22460
  36.91590 -33.00490
  37.06540 -32.94310
  37.03330 -32.70770
  37.17630 -32.64560
  37.13690 -32.39460
  37.39150 -32.28260
  37.28230 -31.51640
  37.70490 -31.37130
  37.68020 -31.07060
  38.40250 -30.60550
  38.38830 -30.43010
  38.88800 -30.17140
  39.38710 -29.90910
  39.39960 -29.76980
  39.99280 -29.60890
  40.03280 -29.61270
  40.07880 -29.58020
  40.10650 -29.58810
  40.10680 -29.65650
  40.20820 -29.63980
  40.28510 -29.63130
  40.38350 -29.59840
  40.46950 -29.56950
  40.54950 -29.57700
  40.59870 -29.56050
  40.56990 -29.34600
  40.70500 -29.29990
  40.87100 -29.27770
  40.98470 -29.25600
  41.12610 -29.24200
  41.21530 -29.22860
  41.24670 -29.32230
  41.38490 -29.29200
  41.52000 -29.24520
  41.68280 -29.20600
  41.79970 -29.20030
  41.91010 -29.16160
  41.92940 -29.26060
  42.08310 -29.24200
  42.17540 -29.24490
  42.23680 -29.22330
  42.28910 -29.22260
  42.29050 -29.43470
  42.41330 -29.39180
  42.52710 -29.36960
  42.61300 -29.33940
  42.67440 -29.31770
  42.71450 -29.32140
  42.72400 -29.37150
  42.83780 -29.34920
  42.95150 -29.32680
  43.02840 -29.31750
  43.08070 -29.31680
  43.07960 -29.17360
  43.20820 -29.09140
  43.38900 -29.00790
  43.49290 -28.93390
  43.62780 -28.88450
  43.69810 -28.84050
  43.76840 -28.79640
  43.76800 -28.52370
  43.84480 -28.51310
  43.93050 -28.48090
  44.02290 -28.48270
  44.09630 -28.45490
  44.14530 -28.43640
  44.19760 -28.43490
  44.18430 -28.36660
  44.30670 -28.32000
  44.40460 -28.28250
  44.51800 -28.25740
  44.62810 -28.21500
  44.75050 -28.16760
  44.81160 -28.14380
  44.86390 -28.14210
  44.90940 -28.10570
  44.91960 -28.15750
  44.96850 -28.13850
  45.02960 -28.11460
  45.06630 -28.10020
  45.12740 -28.07630
  45.09830 -27.99450
  45.16280 -27.98770
  45.21510 -27.98570
  45.27960 -27.97900
  45.34410 -27.97210
  45.33730 -27.93740
  45.38960 -27.93540
  45.42960 -27.93820
  45.46630 -27.92360
  45.45610 -27.87140
  45.48050 -27.86160
  45.52060 -27.86440
  45.53620 -27.87700
  45.52590 -27.82460
  45.59920 -27.79520
  45.70030 -27.77340
  45.82930 -27.75920
  45.87820 -27.73940
  45.88350 -27.69940
  45.93580 -27.69710
  45.98460 -27.67730
  45.98300 -27.60200
  46.07190 -27.58470
  46.14860 -27.57230
  46.21310 -27.56490
  46.20270 -27.51200
  46.30370 -27.48930
  46.35600 -27.48680
  46.48500 -27.47170
  46.63830 -27.44630
  46.69060 -27.44370
  46.75510 -27.43600
  46.75680 -27.37750
  46.84910 -27.37740
  46.92230 -27.34660
  46.99900 -27.33360
  47.11400 -27.38190
  47.20470 -27.44070
  47.26400 -27.47410
  47.34060 -27.46120
  47.39290 -27.45850
  47.47310 -27.46360
  47.52190 -27.44290
  47.60200 -27.44800
  47.65780 -27.46350
  47.65080 -27.56440
  47.77460 -27.59050
  47.88610 -27.62180
  47.99420 -27.63510
  48.09000 -27.65360
  48.20500 -27.70360
  48.32520 -27.71180
  48.42100 -27.73060
  48.51690 -27.74940
  48.58480 -27.76020
  48.60890 -27.88950
  48.60500 -28.01080
  48.68850 -28.03530
  48.80340 -28.08680
  48.90930 -28.16220
  48.99620 -28.20580
  49.09870 -28.26310
  49.16110 -28.31740
  49.22010 -28.35300
  49.28580 -28.42620
  49.36930 -28.45180
  49.48060 -28.48610
  49.58300 -28.54460
  49.63860 -28.56190
  49.65280 -28.71830
  49.65700 -28.81810
  49.73140 -28.86860
  49.81480 -28.89520
  49.90470 -28.96000
  49.98800 -28.98680
  50.06810 -28.99470
  50.15150 -29.02170
  50.19540 -29.12650
  50.22060 -29.19820
  50.31990 -29.32180
  50.41590 -29.42660
  50.46860 -29.50810
  50.49950 -29.53680
  50.59840 -29.66190
  50.69410 -29.76800
  50.74350 -29.83090
  50.78970 -29.87460
  50.86050 -29.90850
  50.93130 -29.94250
  50.98980 -29.98150
  51.10670 -29.97650
  51.25440 -30.00100
  51.42360 -29.99610
  51.62050 -30.00100
  51.76520 -30.00600
  51.85750 -30.01100
  51.95280 -30.03610
  52.02970 -30.02620
  52.05680 -30.37640
  52.09450 -30.80740
  52.10480 -31.05790
  52.10890 -31.26840
  52.26280 -31.25270
  52.34270 -31.26510
  52.41970 -31.25730
  52.46490 -31.58170
  52.50380 -31.86600
  52.51600 -32.05350
  52.55640 -32.35890
  52.58100 -32.64860
  52.59460 -32.85700
  52.61510 -33.02040
  52.62810 -33.33540
  52.64770 -33.71190
  52.66300 -34.17450
  52.68220 -34.57190
  52.70800 -34.92480
  52.70360 -34.88370
  52.70440 -35.01070
  52.70510 -35.13760
  52.86110 -35.15610
  52.99010 -35.16130
  53.13360 -35.18370
  53.21050 -35.18280
  53.23800 -35.32480
  53.38750 -35.28180
  53.47470 -35.25650
  53.51210 -35.24570
  53.54590 -35.45170
  53.66840 -35.39500
  53.82820 -35.32720
  53.95070 -35.26980
  54.11050 -35.20120
  54.22040 -35.14690
  54.30760 -35.12100
  54.32690 -35.31320
  54.33130 -35.48780
  54.51610 -35.41230
  54.67810 -35.36510
  54.78600 -35.28900
  54.91270 -35.27390
  54.97070 -35.21200
  54.99590 -35.33860
  55.14120 -35.25080
  55.32590 -35.17320
  55.48350 -35.08040
  55.69090 -34.97170
  55.77380 -34.90060
  55.84850 -34.87740
  55.81190 -34.63760
  55.93860 -34.62030
  56.06080 -34.55830
  56.21010 -34.51040
  56.33680 -34.49270
  56.43630 -34.46040
  56.49850 -34.44020
  56.50200 -34.34600
  56.57660 -34.32140
  56.65920 -34.24740
  56.74620 -34.21850
  56.73880 -34.07240
  56.77990 -34.04300
  56.82740 -34.00350
  56.90190 -33.97810
  56.88330 -33.79610
  56.87150 -33.68240
  56.87450 -33.58710
  57.00100 -33.56620
  57.08800 -33.53540
  57.16250 -33.50900
  57.26430 -33.49660
  57.26470 -33.37730
  57.28490 -33.20310
  57.45120 -33.07030
  57.54800 -33.01040
  57.60760 -32.96410
  57.66710 -32.91770
  57.64220 -32.80650
  57.77350 -32.70820
  57.88000 -32.61880
  57.95660 -32.49180
  58.00620 -32.47240
  57.99790 -32.28050
  58.14840 -32.12250
  58.24920 -31.98350
  58.34020 -31.87230
  58.39670 -31.79960
  58.46830 -31.74510
  58.44660 -31.55600
  58.57430 -31.42740
  58.68960 -31.30310
  58.80480 -31.17800
  58.89230 -31.03920
  58.97590 -30.97700
  58.94080 -30.79110
  59.09250 -30.64660
  59.23830 -30.45270
  59.38970 -30.30550
  59.52860 -30.16300
  59.61820 -30.04290
  59.75080 -29.84950
  59.86780 -29.63620
  59.96920 -29.50750
  60.08270 -29.37170
  60.16780 -29.22450
  60.27310 -29.11800
  60.33990 -29.02850
  60.33340 -28.92660
  60.41860 -28.82860
  60.56610 -28.64160
  60.70450 -28.40770
  60.84830 -28.19240
  60.95630 -28.02370
  61.06640 -27.85450
  61.25190 -27.58170
  61.39760 -27.38880
  61.53200 -27.22570
  61.66540 -27.03160
  61.82520 -26.76800
  61.93920 -26.52650
  62.10500 -26.30890
  62.23730 -26.10720
  62.37510 -25.87480
  62.50310 -25.64350
  62.62000 -25.44870
  62.61370 -25.31120
  62.71000 -25.15640
  62.80030 -25.03510
  62.92380 -24.88810
  62.99220 -24.72070
  63.11020 -24.51930
  63.22970 -24.25470
  63.35510 -24.00950
  63.47370 -23.74050
  63.56820 -23.48730
  63.65080 -23.33030
  63.64980 -23.05860
  63.76730 -22.87200
  64.40000 -22.87200
  64.40000 -19.50000
  65.50000 -17.71780
  66.36450 -17.71780
  66.68520 -17.47350
  66.78070 -18.24730
  66.93370 -18.11800
  67.05810 -19.09880
  67.44340 -18.75620
  67.73760 -18.48990
  68.06620 -18.22030
  68.39980 -17.82910
  68.69950 -17.39170
  68.86490 -17.15370
  68.80840 -16.48740
  69.03790 -16.26270
  69.26470 -16.03350
  69.54990 -15.71560
  69.83970 -15.42450
  70.16850 -15.02450
  70.38910 -14.73390
  70.35390 -14.44790
  70.51740 -14.23670
  70.72610 -14.03640
  70.81580 -13.89240
  70.77160 -13.39570
  70.69770 -12.90460
  70.56300 -12.25490
  70.70650 -12.00940
  70.87630 -11.66890
  71.05190 -11.35630
  71.14720 -11.86490
  71.25220 -12.35910
  71.39580 -12.10570
  71.58780 -11.71380
  71.77440 -11.36950
  71.61450 -10.35600
  71.45610  -9.39339
  71.21660  -7.94124
  71.12480  -7.37469
  71.28160  -6.89992
  71.38720  -6.33268
  71.46460  -5.91711
  71.53980  -5.69853
  71.43100  -5.15729
  71.33320  -4.74125
  71.43240  -4.36039
  71.49050  -4.07245
  71.39800  -3.69231
  71.50020  -2.93661
  71.59170  -2.39894
  71.68510  -1.74252
  71.81510  -0.97503
  71.91050  -0.39248
  72.01480   0.28107
  72.13370   0.90072
  72.32780   1.99058
  72.43310   2.78103
  72.58010   3.60937
  72.69700   4.29990
  72.82050   4.96961
  72.92430   5.58598
  73.01880   6.05514
  73.14480   6.78173
  73.20350   7.07072
  73.25240   7.39100
  73.37120   7.79122
  73.42720   8.15023
  73.48530   8.38583
  73.53350   8.65212
  73.62820   8.83803
  73.70640   8.95698
  73.75850   9.03691
  73.88200   9.13963
  73.97950   9.20295
  74.09640   9.20769
  74.23270   9.15258
  74.37720   9.13259
  74.54260   8.98399
  74.76310   8.78099
  74.94620   8.63037
  75.07550   8.46028
  75.18820   8.21220
  75.38170   7.94643
  75.52730   7.84163
  75.72890   7.60333
  75.98070   7.59292
  76.11670   7.51523
  76.27900   7.48044
  76.43070   7.55713
  76.60150   7.56302
  76.79850   7.61545
  76.96920   7.62226
  77.14840   7.67201
  77.47910   7.80900
  77.71190   7.88003
  77.91120   7.77119
  78.09030   7.82691
  78.23470   7.78484
  78.44380   6.77554
  78.64100   5.59209
  78.80580   4.69068
  78.95000   3.85706
  79.03020   3.43173
  79.22800   3.90068
  79.53270   4.39026
  79.65750   3.29588
  79.77970   2.37761
  79.90850   1.48660
  80.02640   0.62793
  80.14210  -0.25072
  80.21320  -0.96877
  80.30850  -1.76559
  80.37040  -2.34079
  80.62480  -1.68388
  80.75550  -2.94156
  80.79220  -3.36375
  80.99290  -2.77949
  81.12560  -2.41413
  81.25050  -3.45411
  81.36970  -4.64116
  81.55210  -4.15208
  81.62030  -3.90911
  81.91280  -5.03297
  82.05010  -4.53664
  82.29030  -3.79607
  82.32810  -3.69993
  82.51940  -5.00975
  82.69120  -5.86541
  82.86850  -7.21240
  83.00040  -6.23430
  83.24910  -5.15419
  83.42960  -4.14804
  83.57030  -3.20433
  83.68960  -2.36257
  83.86420  -1.20617
  83.99650  -0.46912
  84.10170   0.40499
  84.22330   1.30114
  84.34350   2.23513
  84.46180   3.02402
  84.56110   3.84819
  84.59690   4.03467
  84.57020   4.50755
  84.63210   5.17750
  84.76220   6.66540
  84.89820   8.13393
  85.00940   8.93766
  84.95790   9.80850
  85.06700  10.65880
  85.13730  11.70360
  85.28140  13.24200
  85.37970  14.66620
  85.48550  16.06260
  85.59120  17.89000
  85.68420  19.28450
  85.79870  21.34260
  85.81740  23.34700
  85.85910  25.38280
  85.86740  27.42730
  85.87450  28.14330
  85.81010  29.22940
  85.90830  30.97210
  86.05340  33.34000
  86.16070  35.60670
  86.29150  38.30130
  86.43160  41.75550
  86.49580  43.47950
  86.56120  46.31370
  86.59820  46.06250
  86.64060  47.52350
  86.70600  50.76960
  86.74590  54.56140
  86.78750  58.01780
  86.80490  61.50560
  86.75480  62.46250
  86.65490  66.54380
  86.60650  66.30100
  86.47240  69.75220
  86.30580  68.20810
  86.20260  70.92590
  86.10630  72.98420
  85.98850  75.02930
  85.91670  76.32600
  85.76820  78.40340
  85.63880  81.10270
  85.55600  83.14250
  85.49980  84.80210
  85.41750  86.80210
  85.34560  88.48630
  85.29570  89.98040
  85.22920  92.31290
  85.15450  94.15540
  85.10180  95.83920
  85.02790  97.27270
  84.96040  98.56820
  84.91080  99.44360
  84.66390 102.91800
  84.57850 103.94300
  84.48550 105.30200
  84.36860 106.75900
  84.29460 107.70900
  84.19360 108.93900
  84.10970 109.72700
  83.96550 110.95900
  83.82380 111.97400
  83.67440 112.84300
  83.51240 113.72300
  83.32090 114.55800
  83.15080 115.25800
  83.01410 115.79300
  82.74020 116.58200
  82.53940 117.17100
  82.29810 117.75500
  82.08740 119.10000
  81.59530 119.98400
  81.11460 121.00400
  80.64340 121.89800
  80.20610 122.63900
  79.75930 123.40800
  78.99010 125.18800
  78.84909 125.49203
  78.88712 125.59532
  78.91539 125.70711
  78.73946 126.95626
  78.33670 128.18498
  78.05056 129.69330
  77.77448 131.20356
  77.49333 132.66585
  77.13912 134.11150
  76.74706 135.24599
  76.08580 137.42600
  75.29960 138.24900
  74.51070 138.99000
  73.44910 139.33200
  72.38700 139.63300
  71.35480 139.25500
  70.32190 138.91600
  69.20309 139.26592
  69.04948 139.57654
  68.90968 139.89358
  68.77000 140.18254
  68.60525 140.45812
  68.43636 140.74499
  68.25567 141.02459
  68.07483 141.28624
  67.92664 141.56724
  67.65721 142.21533
  67.40500 142.87023
  67.15565 143.57565
  66.87365 144.26823
  66.71432 144.58450
  66.54578 144.89597
  66.39159 145.23097
  66.29283 145.58623
  66.14309 146.27749
  65.92174 146.94911
  65.76922 147.28193
  65.59186 147.60223
  65.39600 147.89482
  65.19988 148.18696
  64.87181 148.83489
  64.59608 149.50774
  64.29312 150.17131
  63.93855 150.80888
  63.55973 151.42587
  63.21387 152.06135
  62.93357 152.74194
  62.70263 153.44102
  62.31062 154.91089
  62.01532 156.40327
  61.78469 157.92080
  61.54099 159.43624
  61.52412 159.52660
  61.50687 159.61697
  61.49550 159.52305
  61.50687 159.61697
  61.42095 159.32375
  61.32220 159.36700
  61.31280 160.36300
  61.29610 161.35900
  61.27210 162.35300
  61.24090 163.34500
  61.33760 165.01300
  61.72334 165.56910
  62.24161 166.94938
  62.80073 168.31357
  62.94196 168.63286
  63.10494 168.94116
  63.30674 169.22919
  63.49911 169.52303
  63.63969 169.83628
  63.76347 170.15681
  63.89840 170.48368
  64.02462 170.81419
  64.13800 171.15026
  64.24360 171.48882
  64.33606 171.84601
  64.42464 172.20437
  64.52773 172.55693
  64.63840 172.90732
  64.75650 173.25353
  64.90578 173.58751
  65.07312 173.89775
  65.23477 174.21108
  65.39376 174.54948
  65.54621 174.89097
  65.81796 175.58394
  66.03632 176.29547
  66.19392 177.01590
  66.32699 177.74159
  66.46764 178.47401
  66.60929 179.20628
  66.77621 -179.90812
  66.92533 -179.06181
  66.93222 -179.02050
  67.31696 -175.97508
  67.51254 -172.91093
  67.59772 -169.79046
  68.01580 -168.31700
  68.12500 -168.13500
  68.54090 -160.04900
  68.72990 -157.90700
  68.89080 -155.71200
  69.02260 -153.46900
  69.50370 -151.17800
  69.75390 -148.85300
  69.97230 -146.49800
  70.30290 -145.00900
  70.52070 -143.50300
  70.25050 -141.24400
  69.75150 -139.02300
  69.02450 -136.84500
  68.77040 -134.71500
  68.16120 -133.46500
  67.54310 -132.28000
  66.91680 -131.15500
  66.23940 -128.95800
  65.53250 -126.87800
  65.01400 -125.07300
  64.47460 -123.33800
  63.84400 -122.50500
  63.20890 -121.70800
  62.45060 -121.89700
  61.69210 -122.07600
  60.84450 -123.02300
  60.60453 -122.80439
  60.25917 -122.63171
  59.74113 -122.26168
  59.34643 -121.94099
  59.05041 -121.64497
  58.80373 -121.42295
  58.50771 -121.15160
  58.23635 -120.92958
  57.94033 -120.58422
  57.64431 -120.38688
  57.15094 -120.01685
  56.80558 -119.74550
  56.41089 -119.47414
  56.06553 -119.15345
  55.64616 -118.83276
  55.17746 -118.51207
  54.85677 -118.14204
  54.48674 -117.77202
  54.04271 -117.37732
  53.59868 -117.03196
  53.15465 -116.61260
  52.63661 -116.16857
  52.11857 -115.82321
  51.62520 -115.37918
  51.10716 -114.93514
  50.53979 -114.46644
  50.16976 -114.21976
  49.84907 -113.82506
  49.40504 -113.47970
  49.08435 -113.13434
  48.81300 -112.88766
  48.49231 -112.56697
  48.14695 -112.27095
  47.87559 -111.97493
  47.50557 -111.60490
  47.03687 -111.16087
  46.61750 -110.71684
  46.09946 -110.29747
  45.65543 -109.85344
  45.23790 -109.71400
  44.92710 -109.56900
  44.62168 -109.41604
  44.36454 -109.25073
  44.10739 -109.14053
  43.77678 -108.95686
  43.55638 -108.82828
  43.29924 -108.77318
  42.91352 -108.69971
  42.63802 -108.49767
  42.30740 -108.35074
  42.01353 -108.22217
  41.71965 -108.09359
  41.33394 -107.96502
  41.05843 -107.85482
  40.76456 -107.74462
  40.37884 -107.65278
  40.02987 -107.48748
  39.64415 -107.41401
  39.33191 -107.21197
  39.12987 -107.15686
  38.81763 -107.04666
  38.52375 -106.86299
  38.15641 -106.69768
  37.89927 -106.56911
  37.56866 -106.38544
  37.29315 -106.23850
  36.98090 -106.07320
  36.63193 -105.88953
  36.30132 -105.70585
  36.08091 -105.61402
  35.71356 -105.46708
  35.36459 -105.30177
  34.97887 -105.13647
  34.61153 -105.00790
  34.20745 -104.89769
  33.89521 -104.73239
  33.54623 -104.62219
  33.19725 -104.45688
  32.84827 -104.23647
  32.53603 -104.18137
  32.22379 -104.05280
  31.76461 -103.79566
  31.50746 -103.63035
  31.12175 -103.39158
  30.90135 -103.28138
  30.57074 -103.02424
  30.35033 -102.89566
  29.96462 -102.73036
  29.64044 -102.87739
  29.30061 -103.11528
  28.96077 -103.28519
  28.68890 -103.48909
  28.29809 -103.72698
  28.04322 -103.84592
  27.68639 -104.10080
  27.41453 -104.27071
  27.02372 -104.49161
  26.71786 -104.67851
  21.58626 -103.95717
  17.94704 -93.06208
  17.84669 -93.06657
  17.71509 -92.34591
  17.53328 -91.64722
  17.39344 -91.34077
  17.21430 -91.05552
  17.03934 -90.78552
  16.77463 -90.64765
  16.48017 -90.77499
  16.48477 -90.28844
  16.48388 -89.79197
  16.51500 -89.37160
  16.52220 -88.87640
  16.55830 -88.35100
  16.45060 -87.72280
  16.47590 -86.96610
  16.69450 -86.31950
  16.91100 -85.67140
  17.10660 -84.90970
  17.34400 -84.24790
  17.48090 -83.70580
  17.62570 -82.86460
  17.69070 -82.24420
  17.80160 -81.62480
  18.33320 -81.68930
  18.86470 -81.75410
  18.95980 -81.25630
  19.05360 -80.75790
  19.15970 -80.20950
  19.26420 -79.66040
  19.38150 -79.01100
  19.49650 -78.36070
  19.62280 -77.67260
  19.74650 -76.98340
  20.10000 -76.50000
  20.10000 -75.90000
  19.99020 -75.23880
  20.03720 -74.74860
  20.16590 -73.99420
  20.29130 -73.23850
  20.33100 -72.33220
  20.50000 -72.00000
  20.60000 -70.80000
  20.40000 -69.50000
  19.68700 -68.02180
  19.75430 -67.04050
  20.50000 -66.00000
  21.70000 -68.50000
  23.50000 -68.00000
  27.00000 -59.50000
  27.00000 -51.00000
  25.50000 -46.40000
