NB
  -6.50689 154.22500
  -6.81779 154.54000
  -7.29284 154.92700
  -6.85808 154.73000
  -6.42324 154.53300
  -5.90097 154.54500
  -5.58051 154.59200
  -5.24012 154.97800
  -4.88657 154.99200
  -4.55028 154.95500
  -4.28294 154.70000
  -3.94845 154.35900
  -3.61210 154.25600
  -3.32680 154.03500
  -3.04097 153.88200
  -2.68759 153.71100
  -2.60389 153.54200
  -2.43572 153.39000
  -2.20029 153.11900
  -2.15020 152.91600
  -2.13414 152.57800
  -1.86475 152.15500
  -1.64562 151.81600
  -1.46017 151.42700
  -1.30833 151.08900
  -1.22404 150.71700
  -1.12276 150.34400
  -1.02138 150.02300
  -1.00453 149.76900
  -0.81847 149.48100
  -0.65021 149.27000
  -0.45692 148.91300
  -0.39186 148.72400
  -0.40946 148.34400
  -0.42635 147.85900
  -0.27465 147.35400
  -0.29351 147.05900
  -0.29022 146.59500
  -0.34916 145.91900
  -0.47327 145.49700
  -0.53411 145.03300
  -0.74188 144.35700
  -0.95057 143.80800
  -1.15956 143.26000
  -1.45354 142.92200
  -1.91593 142.62600
  -2.46221 142.39400
  -2.69310 142.24600
  -2.81358 142.44900
  -2.93233 142.63300
  -3.01814 142.93600
  -3.05310 143.17200
  -3.15594 143.50800
  -3.46045 143.74300
  -3.53117 144.36800
  -3.55013 144.80700
  -3.48507 145.39900
  -3.47062 146.11000
  -3.43769 146.41500
  -3.75493 146.83600
  -3.64099 146.91800
  -3.51435 146.99900
  -3.38515 147.08300
  -3.26100 147.16200
  -3.15205 147.24100
  -3.05326 147.32500
  -2.96204 147.40700
  -2.90886 147.47800
  -2.88103 147.53900
  -2.87857 147.60500
  -2.81284 147.81600
  -2.92212 147.98300
  -3.02628 148.12300
  -3.14063 148.32900
  -3.22195 148.49900
  -3.30577 148.67500
  -3.39465 148.87800
  -3.46572 149.08900
  -3.52151 149.29500
  -3.54429 149.45300
  -3.56959 149.60300
  -3.57966 149.71700
  -3.59230 149.77300
  -3.61764 149.81600
  -3.61656 149.81700
  -3.49148 149.91300
  -3.37167 150.03400
  -3.27439 150.13500
  -3.20201 150.24900
  -3.14092 150.35200
  -3.09258 150.43600
  -3.06108 150.50900
  -3.05074 150.56000
  -3.04729 150.61600
  -3.08491 150.61500
  -3.16268 150.63400
  -3.23453 150.68300
  -3.29524 150.73200
  -3.32939 150.78900
  -3.34847 150.82400
  -3.33111 150.87900
  -3.37230 150.93100
  -3.41905 150.98200
  -3.47569 151.02100
  -3.54725 151.09500
  -3.58709 151.14200
  -3.60167 151.20400
  -3.60671 151.25000
  -3.65625 151.30100
  -3.70620 151.37500
  -3.75424 151.42800
  -3.66511 151.56300
  -3.76873 151.67500
  -3.72013 151.81400
  -3.67667 151.92900
  -3.64860 151.98700
  -3.63575 152.03800
  -3.66584 152.13200
  -3.73899 152.22600
  -3.82223 152.32800
  -3.90297 152.41500
  -3.97364 152.47800
  -4.03917 152.55700
  -4.13010 152.61600
  -4.18815 152.66200
  -4.60329 152.92700
  -5.01833 153.19300
  -5.36112 153.40300
  -5.70366 153.61400
  -6.04594 153.82300
  -6.26500 153.93000
