NI
 -15.60410 183.34000
 -15.55940 182.87000
 -15.70960 182.75200
 -15.80660 182.61600
 -15.89890 182.50700
 -15.96110 182.42500
 -16.02360 182.36600
 -16.10650 182.33600
 -16.17690 182.32200
 -16.31960 182.48700
 -16.43700 182.63600
 -16.57460 182.79900
 -16.72460 182.93200
 -16.87720 183.07900
 -17.03440 183.18000
 -17.21940 183.28700
 -17.39920 183.37500
 -17.57400 183.46800
 -17.73100 183.53800
 -17.87270 183.59700
 -18.05510 183.69600
 -18.13080 183.70300
 -18.26660 183.67000
 -18.30680 183.65400
 -18.47230 183.56000
 -18.60020 183.48900
 -18.68550 183.44900
 -18.76840 183.41600
 -18.83640 183.41300
 -18.97520 183.43000
 -19.21740 183.45100
 -19.38650 184.02100
 -19.70370 184.79000
 -19.45940 184.81100
 -19.22530 184.84500
 -19.00150 184.90500
 -18.78780 184.96500
 -18.60450 185.04400
 -18.41630 185.13000
 -18.23080 185.24300
 -18.03510 185.34100
 -17.84180 185.43200
 -17.63010 185.44000
 -17.61220 185.40300
 -17.36030 185.42900
 -17.31970 185.40100
 -17.10070 185.43500
 -17.06580 185.47700
 -16.87420 185.47100
 -16.73550 185.46500
 -16.59670 185.45000
 -16.35450 185.42400
 -16.20080 185.43100
 -16.05210 185.43200
 -15.93580 185.39900
 -15.88040 185.13000
