NZ
 -35.13190 -108.79700
 -35.24040 -108.07100
 -35.34450 -107.34300
 -35.39350 -106.66600
 -35.43880 -105.98800
 -35.52360 -105.39100
 -35.60550 -104.79300
 -35.69440 -103.99800
 -35.77810 -103.20200
 -35.85440 -102.56500
 -35.92740 -101.92600
 -35.99700 -101.28600
 -36.06320 -100.64500
 -36.13320 -99.53180
 -36.19280 -98.41670
 -36.29360 -97.40170
 -36.87100 -97.41310
 -36.92090 -96.55150
 -36.96460 -95.68890
 -36.98510 -94.90950
 -37.00060 -94.12980
 -37.71700 -94.09310
 -38.48230 -93.99630
 -38.42940 -93.07480
 -38.96730 -93.02250
 -38.91840 -92.33970
 -38.86560 -91.65790
 -39.34930 -91.60350
 -39.83290 -91.54830
 -40.28240 -91.51220
 -40.73190 -91.47560
 -41.10250 -91.39100
 -41.08230 -90.73910
 -41.05850 -90.08760
 -41.43190 -90.05400
 -41.37810 -89.24960
 -41.31870 -88.44670
 -41.27290 -87.41710
 -41.52130 -87.33640
 -41.39250 -86.24010
 -41.25330 -85.14840
 -41.19090 -84.48700
 -41.12470 -83.82690
 -41.67370 -83.71620
 -42.22250 -83.60370
 -42.87300 -83.45380
 -42.98150 -83.44750
 -42.86070 -82.50890
 -43.63900 -82.35070
 -44.40400 -82.13770
 -44.96410 -81.93460
 -44.87600 -81.10650
 -44.78190 -80.28110
 -44.66550 -79.58580
 -44.54490 -78.89330
 -44.41110 -78.20650
 -45.09160 -77.99020
 -45.58850 -77.76400
 -45.76050 -77.66070
 -45.64270 -76.67460
 -45.65850 -76.00620
 -44.84940 -75.82140
 -44.05060 -75.78240
 -43.64820 -75.63160
 -42.97220 -75.55800
 -42.28450 -75.40170
 -41.82560 -75.39690
 -41.36660 -75.39220
 -40.86280 -75.18890
 -40.35890 -75.19480
 -39.81310 -75.12780
 -39.56440 -75.14950
 -39.41019 -75.09923
 -39.06810 -74.98830
 -38.54200 -74.83590
 -38.13760 -74.65480
 -37.56350 -74.59560
 -36.72490 -74.44160
 -36.16530 -74.26170
 -35.57770 -73.89740
 -34.88760 -73.67550
 -34.29040 -73.24570
 -33.83690 -72.93750
 -33.35850 -72.86100
 -32.74190 -72.88900
 -32.31880 -72.76220
 -31.53130 -72.67830
 -30.96520 -72.61810
 -30.19030 -72.59990
 -29.53570 -72.55460
 -28.90140 -72.43320
 -28.27760 -72.16980
 -27.75470 -71.95780
 -27.24780 -71.84710
 -26.65220 -71.75250
 -25.83970 -71.62830
 -25.09280 -71.52430
 -24.26260 -71.46590
 -23.52270 -71.38950
 -22.75840 -71.34750
 -21.96540 -71.30680
 -21.26220 -71.24950
 -20.75770 -71.32280
 -20.24910 -71.36230
 -19.81120 -71.48650
 -19.29810 -71.74650
 -18.72150 -72.26640
 -18.25670 -72.73660
 -17.74700 -73.39970
 -17.37350 -73.94930
 -16.82300 -74.60950
 -16.33020 -75.29230
 -15.73550 -75.91630
 -15.21850 -76.40290
 -14.84330 -76.76480
 -14.46750 -77.12540
 -13.91360 -77.63880
 -13.38720 -78.14760
 -13.01440 -78.40690
 -12.64140 -78.66540
 -11.89030 -79.14720
 -11.29060 -79.61810
 -10.56030 -79.99660
  -9.92089 -80.36840
  -9.43400 -80.70100
  -8.66540 -81.04060
  -7.98838 -81.37470
  -7.30604 -81.54920
  -6.65544 -81.78400
  -6.00265 -81.95410
  -5.25340 -81.99850
  -4.50353 -82.00980
  -3.72131 -81.92580
  -3.24451 -81.59890
  -3.00021 -81.65190
  -2.43745 -81.53180
  -1.81384 -81.59850
  -1.09547 -81.41460
  -0.28445 -81.22940
   0.43189 -80.88660
   1.05338 -80.57380
   1.54938 -80.29170
   2.07369 -79.79130
   2.42697 -79.47800
   2.78019 -79.16460
   3.39204 -78.66170
   4.06591 -78.34190
   4.83152 -78.08000
   5.50529 -77.91010
   6.00453 -78.00800
   6.05273 -78.05040
   6.12184 -78.08610
   6.23949 -78.12930
   6.34345 -78.15140
   6.46107 -78.19460
   6.50195 -78.26500
   6.56364 -78.33560
   6.66011 -78.39970
   6.75680 -78.44280
   6.85277 -78.54190
   6.94229 -78.59900
   6.99653 -78.69760
   7.03058 -78.74700
   7.09977 -78.76190
   7.23227 -78.71480
   7.33731 -78.64630
   7.32893 -78.75110
   7.31874 -78.98180
   7.30109 -79.24020
   7.22831 -79.46970
   7.18385 -79.65760
   7.16010 -79.84560
   7.10068 -80.09580
   7.09933 -81.34230
   7.05516 -81.48740
   7.03949 -81.58430
   7.06054 -81.74100
   6.97836 -81.88860
   6.94971 -81.94360
   6.96742 -82.08960
   7.00801 -82.12520
   7.04084 -82.20210
   7.12881 -82.27340
   7.25127 -82.33850
   7.29605 -82.49200
   7.30701 -82.61710
   7.27797 -82.68570
   7.28342 -82.74820
   7.30260 -82.81100
   7.36639 -82.62480
   7.11804 -82.62490
   6.56231 -82.62500
   5.83296 -82.62500
   5.05417 -82.62500
   4.56303 -82.62500
   4.07188 -82.62500
   3.59490 -82.62500
   3.11792 -82.80640
   3.16485 -83.37790
   3.13869 -83.92250
   3.11226 -84.46710
   2.53424 -84.56670
   2.06618 -84.57130
   1.59812 -84.57590
   1.64441 -85.34940
   0.83180 -85.38610
   0.88046 -86.26560
   0.92891 -87.14500
   0.97714 -88.02450
   1.02514 -88.90410
   1.07290 -89.78360
   1.12041 -90.66320
   1.73615 -90.69730
   1.81659 -91.56080
   2.01117 -91.53760
   1.99009 -92.11830
   2.19975 -92.09020
   2.22695 -92.24510
   2.29988 -92.92790
   2.37248 -93.61070
   2.43994 -94.40440
   2.50694 -95.19820
   2.22175 -95.22410
   2.23785 -96.12020
   1.87283 -96.17500
   1.88568 -96.88000
   1.89824 -97.58510
   2.08841 -97.55120
   2.07656 -97.84630
   2.14463 -98.36740
   2.21253 -98.88860
   2.11218 -98.91750
   2.19007 -99.65700
   2.26882 -99.73890
   2.27260 -99.81080
   2.27227 -99.91290
   2.29966 -100.04700
   2.20704 -100.06600
   2.20650 -100.39400
   2.20440 -100.64400
   2.21046 -101.06700
   2.19890 -101.19600
   2.24142 -101.20300
   2.23226 -101.51200
   2.16015 -101.43800
   2.10436 -101.35600
   2.04850 -101.27000
   1.98018 -101.14900
   1.90637 -101.04900
   1.83189 -100.97400
   1.74348 -100.90800
   1.67885 -100.97300
   1.65513 -100.96400
   1.51368 -101.07400
   1.47077 -101.04700
   1.38576 -101.15300
   1.42309 -101.19500
   1.35013 -101.31500
   1.39907 -101.34800
   1.33816 -101.42300
   1.38887 -101.48700
   1.31773 -101.58000
   1.40377 -101.64400
   1.33439 -101.82500
   1.26876 -101.95900
   1.20646 -102.08200
   1.13426 -102.18100
   0.71282 -102.24000
   0.70634 -102.21000
   0.37170 -102.25300
   0.15707 -102.29400
  -0.01548 -102.31900
  -0.50323 -102.39700
  -1.28284 -102.52400
  -1.28336 -102.39900
  -1.53269 -102.46200
  -1.59589 -102.30700
  -1.90746 -102.40200
  -1.90611 -102.62100
  -2.43571 -102.68700
  -2.93392 -102.75400
  -2.93572 -102.56600
  -3.43472 -102.57100
  -4.05639 -102.73500
  -3.95089 -103.63700
  -3.84440 -104.53900
  -4.15158 -104.69900
  -4.07847 -105.38000
  -4.56935 -105.54400
  -4.49391 -106.25300
  -5.04324 -106.45000
  -5.62383 -106.58700
  -5.61990 -106.74100
  -6.01875 -106.75200
  -6.01620 -106.84500
  -6.44278 -106.95000
  -6.36670 -107.44100
  -6.75924 -107.60700
  -7.18594 -107.65300
  -7.51409 -107.88000
  -8.24014 -108.06300
  -8.35695 -108.19200
  -9.14481 -108.32000
  -9.03537 -109.03800
  -8.92454 -109.75600
  -9.67656 -109.85700
  -9.66505 -110.07100
 -10.08040 -110.21800
 -10.80170 -110.29200
 -10.82240 -110.44700
 -11.39420 -110.48500
 -11.47240 -110.67500
 -11.96840 -110.92600
 -12.74170 -111.07700
 -12.75530 -110.89200
 -13.41080 -111.00700
 -13.39640 -111.19100
 -13.54130 -111.26600
 -13.46450 -111.84600
 -13.38630 -112.42600
 -13.86460 -112.43900
 -14.06190 -112.58100
 -14.71800 -112.61300
 -14.70380 -112.76600
 -15.24780 -112.86900
 -15.79170 -112.97300
 -16.35130 -113.06600
 -16.36090 -112.97300
 -16.67030 -113.16500
 -16.68340 -113.04100
 -17.05150 -113.24100
 -17.06500 -113.11700
 -17.52110 -113.32900
 -17.53840 -113.17400
 -17.99380 -113.38800
 -18.00810 -113.26400
 -18.44420 -113.38300
 -18.75790 -113.52000
 -18.77660 -113.36400
 -19.28520 -113.62300
 -19.30060 -113.49800
 -19.96750 -113.69700
 -20.32100 -113.79600
 -20.57450 -113.93100
 -20.59930 -114.08700
 -21.12130 -114.22900
 -21.42173 -114.28930
 -21.31437 -114.12838
 -21.41069 -113.78433
 -21.60581 -113.47858
 -21.82754 -113.18985
 -22.05708 -112.90724
 -22.27959 -112.61023
 -22.47818 -112.29690
 -22.62912 -111.97869
 -22.77589 -111.65848
 -22.95081 -111.41524
 -23.21935 -111.36727
 -23.33950 -111.55960
 -23.27869 -111.79070
 -23.27298 -111.81190
 -23.32670 -111.87100
 -23.47500 -111.86400
 -23.72750 -111.83200
 -23.85980 -111.76300
 -24.03200 -111.71300
 -24.11040 -112.09800
 -24.22240 -112.12300
 -24.44850 -112.10300
 -24.65910 -112.04800
 -24.89070 -111.97700
 -25.02660 -111.97800
 -25.05940 -112.45300
 -25.19850 -112.44300
 -25.42920 -112.38800
 -25.56420 -112.36600
 -25.66370 -112.36400
 -25.68270 -112.43700
 -25.78600 -112.45500
 -25.78740 -112.54100
 -25.92590 -112.55000
 -25.93420 -112.62000
 -26.03790 -112.67200
 -26.28230 -112.68300
 -26.55380 -112.65800
 -26.80090 -112.68400
 -26.72410 -112.94700
 -26.83020 -112.97600
 -27.01430 -113.11200
 -27.27270 -113.12900
 -27.57700 -113.13300
 -27.60740 -113.00100
 -27.84950 -112.97100
 -28.12900 -112.95500
 -28.37940 -112.93400
 -28.38290 -113.01000
 -28.54950 -113.02100
 -28.78720 -113.02000
 -29.00880 -112.95600
 -29.16020 -112.36700
 -29.26560 -111.80600
 -29.57880 -111.74900
 -30.02470 -111.77300
 -30.18730 -111.77500
 -30.42480 -111.79700
 -30.62440 -111.85100
 -30.66580 -111.88500
 -31.04460 -111.95100
 -31.38620 -111.97800
 -31.39050 -111.96400
 -31.53620 -112.02300
 -31.55640 -111.66000
 -31.56380 -111.20200
 -31.71500 -110.68700
 -31.91980 -110.21000
 -32.11520 -109.79100
 -32.40000 -109.43500
 -32.66150 -109.20600
 -32.93650 -108.97200
 -33.02040 -109.18300
 -33.14010 -109.41000
 -33.39170 -109.32300
 -33.70190 -109.20500
 -33.91670 -109.27000
 -34.20370 -109.27700
 -34.54460 -109.25900
