OK
  44.37912 147.33901
  44.74625 148.02738
  45.02161 148.85343
  45.25106 149.58770
  45.61820 150.27608
  46.07712 151.01035
  46.53603 151.69872
  46.90317 152.61656
  47.40798 153.25904
  47.91279 153.94742
  48.46349 154.63580
  53.23601 155.81367
  55.00000 155.81000
  58.28025 156.48257
  58.47069 156.66423
  58.66221 156.93385
  58.82568 157.22173
  59.41447 158.53895
  59.89271 159.90167
  60.31497 161.30261
  60.71348 162.71067
  61.19601 164.14750
  61.24090 163.34500
  61.27210 162.35300
  61.29610 161.35900
  61.31280 160.36300
  61.32220 159.36700
  61.37380 159.02133
  61.33817 158.67342
  61.31608 158.32434
  61.29469 157.58697
  61.29582 156.84929
  61.33531 155.33122
  61.40266 153.81407
  61.43538 153.13573
  61.46149 152.45693
  61.49325 151.67306
  61.55700 150.89120
  61.60547 150.51559
  61.67003 150.14245
  61.75216 149.82850
  61.86337 149.52353
  61.97408 149.20749
  62.06170 148.88418
  62.14657 148.56373
  62.26977 148.25666
  61.87970 146.96300
  61.56980 146.12600
  61.25490 145.30600
  60.93510 144.50200
  60.61070 143.71500
  60.28170 142.94300
  59.94840 142.18700
  59.47860 142.08600
  59.00870 141.98800
  58.53870 141.89300
  58.06860 141.80000
  57.59850 141.70900
  57.12830 141.62100
  56.65810 141.53500
  56.18780 141.45100
  55.65030 141.70000
  55.11230 141.94300
  54.57380 142.17900
  54.03490 143.25000
  53.38430 143.25000
  53.04250 143.25000
  52.54180 143.25000
  51.69980 143.25000
  50.85740 142.39800
  50.31780 142.52100
  49.77810 142.64100
  49.24090 142.76100
  48.70360 142.87800
  48.00406 142.96645
  47.13025 142.85722
  45.25000 142.50000
