ON
  29.35540 129.05500
  29.03210 128.68700
  28.70790 128.32100
  28.40100 128.55700
  28.05280 128.04900
  27.78960 127.59900
  27.66150 127.34700
  27.48550 127.41700
  27.14910 126.88500
  27.00570 126.74500
  26.81060 126.82000
  26.54030 126.47700
  24.86476 126.64223
  25.20231 127.22642
  25.62813 127.74647
  25.76104 127.86871
  25.89199 127.99296
  25.98517 128.10637
  26.06795 128.22730
  26.28833 128.46288
  26.54128 128.66449
  26.80575 128.89605
  27.03619 129.16149
  27.25010 129.43985
  27.50042 129.68417
