PA
 -61.76300 161.97500
 -62.21280 162.57900
 -62.65990 163.20200
 -62.47460 163.77300
 -62.32190 164.27500
 -62.17720 164.76800
 -62.07720 165.10300
 -62.47270 165.65300
 -62.66760 165.96900
 -63.08690 166.62000
 -63.22060 166.85800
 -62.97120 167.55000
 -62.77320 168.27700
 -62.63210 168.70800
 -62.44610 169.23800
 -62.67620 169.60500
 -62.97240 170.06800
 -63.14880 170.44100
 -63.44730 171.00900
 -63.80720 171.64000
 -64.09740 172.16400
 -64.25610 172.52000
 -64.73790 173.63100
 -64.50790 174.24200
 -64.31490 174.81400
 -64.17410 175.16200
 -63.98400 175.58200
 -64.18780 176.06300
 -64.41010 176.54900
 -64.50600 176.81900
 -64.73620 177.33800
 -64.97490 177.88900
 -65.07910 178.24000
 -65.27400 178.75900
 -65.47730 179.38100
 -65.73850 179.96300
 -65.98590 -179.19700
 -66.16320 -178.79300
 -65.86230 -177.92600
 -65.60690 -177.07200
 -65.18250 -175.72900
 -65.50500 -175.07000
 -65.83520 -174.41800
 -65.50610 -173.70900
 -64.97830 -172.51700
 -64.35640 -171.30000
 -64.85850 -170.04300
 -64.76370 -169.83900
 -64.24480 -169.10900
 -63.73030 -168.37900
 -63.10600 -167.51300
 -62.49000 -166.60800
 -62.60560 -166.19900
 -63.00700 -165.14900
 -63.46670 -163.92100
 -62.96750 -163.00100
 -62.39360 -162.06100
 -62.61440 -161.33800
 -62.92330 -160.43000
 -62.59540 -159.88800
 -63.00440 -158.70300
 -62.78850 -158.39400
 -63.07000 -157.60100
 -63.32400 -156.71700
 -62.95250 -156.02200
 -62.43270 -155.25400
 -61.77620 -154.32400
 -61.83610 -154.18100
 -61.39920 -153.66100
 -60.84070 -152.94300
 -60.15750 -152.11900
 -59.46940 -151.32900
 -59.71760 -150.38200
 -59.31410 -149.80900
 -58.82210 -149.26400
 -58.13000 -148.27600
 -57.55470 -147.69200
 -57.63790 -147.16700
 -57.30760 -146.68100
 -56.66860 -145.97900
 -56.22770 -145.41200
 -55.78420 -144.85700
 -55.91030 -144.48200
 -56.26250 -143.32400
 -56.61930 -142.08600
 -56.83920 -141.21100
 -57.05280 -140.32500
 -56.77220 -140.04100
 -56.26780 -139.54500
 -55.72490 -139.19100
 -55.61460 -139.57800
 -55.25090 -139.25300
 -54.71230 -138.79900
 -54.14100 -138.33800
 -53.56790 -137.89000
 -53.68780 -137.52200
 -53.90670 -136.59000
 -53.39570 -136.18000
 -53.64300 -135.30700
 -53.88710 -134.20500
 -54.23710 -132.87000
 -54.43230 -132.12600
 -54.62290 -131.37500
 -54.93140 -130.05900
 -55.12860 -129.34500
 -55.32150 -128.62400
 -55.56540 -127.23100
 -55.06410 -126.80000
 -55.13820 -126.19700
 -55.45410 -125.07700
 -55.58730 -124.26200
 -55.71500 -123.44200
 -55.87310 -122.65500
 -56.02620 -121.86200
 -55.83210 -121.63500
 -55.21890 -121.22800
 -54.40980 -120.66300
 -54.64160 -119.68500
 -54.81850 -118.58100
 -54.35030 -118.31300
 -53.69080 -118.03700
 -53.12410 -117.66100
 -52.89740 -118.97700
 -52.75240 -118.87500
 -52.21200 -118.42200
 -51.77180 -118.12000
 -51.33090 -117.82400
 -50.87470 -117.52200
 -50.41780 -117.22500
 -49.89340 -116.80200
 -49.36750 -116.38800
 -49.58920 -115.23300
 -49.72100 -114.55600
 -49.84890 -113.87500
 -49.35740 -113.74500
 -48.84100 -113.52800
 -48.32420 -113.31500
 -47.77330 -113.13100
 -47.22210 -112.95000
 -46.53850 -112.68500
 -45.85440 -112.42600
 -45.83270 -112.67500
 -45.49420 -112.55000
 -44.93780 -112.38100
 -44.38110 -112.21600
 -43.77380 -111.97100
 -43.16590 -111.73000
 -42.68330 -111.53800
 -42.20040 -111.34900
 -42.24870 -110.95400
 -41.35550 -110.83200
 -40.75970 -110.75400
 -40.16380 -110.67700
 -39.57490 -110.53300
 -38.98580 -110.39100
 -38.97850 -111.27000
 -38.87760 -111.26800
 -38.27600 -111.06700
 -37.67410 -110.86900
 -37.04230 -110.66800
 -36.41020 -110.47100
 -36.35780 -110.73900
 -36.21860 -110.71500
 -35.83010 -110.57900
 -35.79670 -110.89500
 -35.31910 -110.87700
 -35.09080 -110.82700
 -34.99480 -111.12600
 -34.91230 -111.39900
 -34.81140 -111.75600
 -34.67420 -112.18700
 -34.55620 -112.41700
 -34.29960 -112.56200
 -33.99880 -112.62800
 -33.66260 -112.60400
 -33.64980 -112.50400
 -33.39890 -112.46000
 -33.11200 -112.44200
 -32.79380 -112.41800
 -32.48890 -112.41500
 -32.32780 -112.35600
 -32.34260 -112.15100
 -32.11440 -112.06500
 -31.94850 -112.06300
 -31.77370 -112.04100
 -31.53620 -112.02300
 -31.39050 -111.96400
 -31.38620 -111.97800
 -31.04460 -111.95100
 -30.66580 -111.88500
 -30.62440 -111.85100
 -30.42480 -111.79700
 -30.18730 -111.77500
 -30.02470 -111.77300
 -29.57880 -111.74900
 -29.26560 -111.80600
 -29.16020 -112.36700
 -29.00880 -112.95600
 -28.78720 -113.02000
 -28.54950 -113.02100
 -28.38290 -113.01000
 -28.37940 -112.93400
 -28.12900 -112.95500
 -27.84950 -112.97100
 -27.60740 -113.00100
 -27.57700 -113.13300
 -27.78632 -113.17825
 -27.88628 -113.19836
 -27.98701 -113.21330
 -28.07358 -113.20726
 -28.15706 -113.22034
 -28.17137 -113.29793
 -28.10801 -113.36292
 -27.99985 -113.41120
 -27.88574 -113.44346
 -27.66037 -113.49228
 -27.43299 -113.53057
 -27.29521 -113.55518
 -27.16167 -113.59657
 -27.02675 -113.66256
 -26.89151 -113.72786
 -26.83527 -113.74805
 -26.79866 -113.75886
 -26.78970 -113.94400
 -26.72510 -114.52600
 -26.60400 -115.10500
 -26.46590 -115.29100
 -26.24340 -115.51800
 -25.96770 -115.76900
 -25.67380 -116.02800
 -25.41580 -116.35300
 -25.17200 -116.49000
 -24.84750 -116.09900
 -24.55580 -116.22500
 -24.45830 -116.18400
 -24.38290 -115.96800
 -24.24180 -115.91200
 -24.10510 -115.48200
 -24.01740 -115.40200
 -23.88440 -115.42400
 -23.46840 -115.59900
 -23.39750 -115.25400
 -23.23700 -115.18300
 -23.17890 -114.96200
 -23.03960 -114.87500
 -23.02360 -114.56700
 -22.94968 -114.55644
 -22.54260 -114.49800
 -22.19610 -114.50500
 -22.11450 -114.42100
 -21.62700 -114.37900
 -21.56360 -114.31800
 -21.42173 -114.28930
 -21.12130 -114.22900
 -20.59930 -114.08700
 -20.57450 -113.93100
 -20.32100 -113.79600
 -19.96750 -113.69700
 -19.30060 -113.49800
 -19.28520 -113.62300
 -18.77660 -113.36400
 -18.75790 -113.52000
 -18.44420 -113.38300
 -18.00810 -113.26400
 -17.99380 -113.38800
 -17.53840 -113.17400
 -17.52110 -113.32900
 -17.06500 -113.11700
 -17.05150 -113.24100
 -16.68340 -113.04100
 -16.67030 -113.16500
 -16.36090 -112.97300
 -16.35130 -113.06600
 -15.79170 -112.97300
 -15.24780 -112.86900
 -14.70380 -112.76600
 -14.71800 -112.61300
 -14.06190 -112.58100
 -13.86460 -112.43900
 -13.38630 -112.42600
 -13.46450 -111.84600
 -13.54130 -111.26600
 -13.39640 -111.19100
 -13.41080 -111.00700
 -12.75530 -110.89200
 -12.74170 -111.07700
 -11.96840 -110.92600
 -11.47240 -110.67500
 -11.39420 -110.48500
 -10.82240 -110.44700
 -10.80170 -110.29200
 -10.08040 -110.21800
  -9.66505 -110.07100
  -9.67656 -109.85700
  -8.92454 -109.75600
  -9.03537 -109.03800
  -9.14481 -108.32000
  -8.35695 -108.19200
  -8.24014 -108.06300
  -7.51409 -107.88000
  -7.18594 -107.65300
  -6.75924 -107.60700
  -6.36670 -107.44100
  -6.44278 -106.95000
  -6.01620 -106.84500
  -6.01875 -106.75200
  -5.61990 -106.74100
  -5.62383 -106.58700
  -5.04324 -106.45000
  -4.49391 -106.25300
  -4.56935 -105.54400
  -4.07847 -105.38000
  -4.15158 -104.69900
  -3.84440 -104.53900
  -3.95089 -103.63700
  -4.05639 -102.73500
  -3.43472 -102.57100
  -2.93572 -102.56600
  -2.93392 -102.75400
  -2.43571 -102.68700
  -1.90611 -102.62100
  -1.90746 -102.40200
  -1.59589 -102.30700
  -1.53269 -102.46200
  -1.28336 -102.39900
  -1.28284 -102.52400
  -0.50323 -102.39700
  -0.01548 -102.31900
   0.15707 -102.29400
   0.37170 -102.25300
   0.70634 -102.21000
   0.71282 -102.24000
   1.13426 -102.18100
   1.21398 -102.22300
   1.22065 -102.20300
   1.34857 -102.24300
   1.36110 -102.22200
   1.52778 -102.25700
   1.54137 -102.23000
   1.75155 -102.26200
   1.77843 -102.13300
   1.90382 -102.10400
   1.90349 -102.08800
   1.97154 -102.07600
   2.02449 -102.07500
   2.13734 -102.06700
   2.16104 -102.07500
   2.30830 -102.08000
   2.32729 -102.08800
   2.39090 -102.09000
   2.41199 -102.08500
   2.48615 -102.08500
   2.50246 -102.07700
   2.57438 -102.08200
   2.63532 -102.06800
   2.78564 -102.10900
   2.79833 -102.09600
   2.89294 -102.11800
   2.88876 -102.14500
   3.07219 -102.19300
   3.23869 -102.21900
   3.45816 -102.19900
   3.75071 -102.25900
   3.77753 -102.18400
   4.65326 -102.32000
   5.52897 -102.45700
   6.35535 -102.55800
   7.18172 -102.65900
   7.79085 -102.81000
   8.39993 -102.96100
   8.37048 -103.59500
   8.34001 -104.22900
   8.45574 -104.25800
   9.17474 -104.29600
  10.01710 -104.29600
  10.12320 -103.59800
  10.27460 -103.62800
  10.93660 -103.73900
  11.40450 -103.80700
  11.87230 -103.87500
  11.89040 -103.77200
  12.58680 -103.92700
  13.32840 -104.18100
  14.06980 -104.43700
  14.67220 -104.56300
  15.27450 -104.69000
  15.10760 -105.32000
  15.55760 -105.35700
  16.26050 -105.39800
  16.99942 -105.36888
  17.00000 -105.42100
  17.29020 -105.48000
  17.50610 -105.72500
  17.78000 -106.32100
  17.92780 -106.35900
  18.11770 -106.35700
  18.52302 -106.28787
  18.54440 -106.52700
  18.58990 -106.75600
  18.64710 -107.00200
  18.75610 -107.27200
  18.86320 -107.52300
  18.93600 -107.81600
  19.10730 -108.23300
  19.22350 -108.19800
  19.38370 -108.53400
  19.54960 -108.89600
  19.62550 -108.90300
  19.80650 -109.16000
  20.02710 -109.45000
  20.14180 -109.37300
  20.17570 -109.37800
  20.24230 -109.31900
  20.39730 -109.21500
  20.49950 -109.18700
  20.55840 -109.28500
  20.64260 -109.26100
  20.73920 -109.19400
  20.82400 -109.11100
  20.94900 -109.01300
  21.06790 -108.91500
  21.25290 -108.80900
  21.34700 -108.97700
  21.45130 -108.93600
  21.53600 -108.86800
  21.64280 -108.78400
  21.77390 -108.66900
  21.90470 -108.58200
  21.95960 -108.67600
  22.10240 -108.58900
  22.20110 -108.51600
  22.27690 -108.52700
  22.44010 -108.40700
  22.61340 -108.27300
  22.71170 -108.23200
  22.75000 -111.00000
  24.90000 -112.50000
  26.75000 -114.20000
  27.40000 -115.00000
  29.50000 -116.50000
  33.21190 -120.50700
  33.76340 -120.95200
  34.31290 -121.40800
  34.92800 -121.78000
  35.54140 -122.16300
  36.27170 -122.53700
  36.67390 -122.55800
  36.99620 -123.17000
  37.41310 -123.58000
  38.07960 -123.77500
  38.49770 -123.98600
  38.91900 -124.20100
  39.38900 -124.54600
  39.70160 -124.95800
  40.00900 -125.47800
  40.27110 -125.78700
  40.28000 -126.20500
  40.39040 -126.15900
  40.42240 -126.86900
  40.45000 -127.57900
  40.53850 -127.57900
  40.57260 -127.71700
  41.08070 -127.63900
  41.58880 -127.56000
  41.55510 -127.44600
  41.64050 -127.40100
  41.69210 -127.24100
  42.35700 -127.03900
  43.01360 -126.62700
  43.41950 -127.57100
  43.81760 -128.52800
  44.20750 -129.49800
  44.58920 -130.48000
  44.92950 -130.36700
  45.28540 -130.06900
  45.41400 -130.18700
  45.73620 -129.93600
  45.89600 -129.86900
  45.94270 -130.07300
  46.19580 -130.05100
  46.22910 -129.91700
  46.43320 -129.80300
  46.40150 -129.57200
  47.06470 -129.25900
  47.72700 -128.93800
  47.83540 -129.19000
  48.32360 -128.94000
  48.47600 -129.14700
  48.86870 -128.91900
  49.17680 -129.70500
  49.47940 -130.50100
  49.98270 -130.16200
  50.05540 -130.30000
  50.21720 -130.16200
  50.29790 -130.32900
  50.46470 -130.25400
  50.90760 -130.75300
  51.18510 -131.07400
  51.61210 -131.85000
  51.88580 -131.57700
  52.25910 -131.83200
  52.69710 -132.33900
  53.12700 -132.71400
  53.52170 -133.09300
  53.92410 -133.42600
  54.37740 -133.84000
  54.38249 -134.11945
  54.84901 -134.61242
  55.33107 -135.09101
  55.84803 -135.54808
  56.40537 -135.95673
  56.99150 -136.34278
  57.60036 -136.69186
  58.00847 -136.85234
  57.60470 -137.04500
  57.07860 -138.36700
  56.53890 -139.65300
  55.98640 -140.90100
  55.89690 -141.09900
  55.66470 -141.60200
  55.40590 -142.92800
  55.70270 -144.19400
  55.98630 -145.47900
  56.14510 -146.88700
  56.28780 -148.30500
  56.41410 -149.73400
  56.30920 -151.21800
  56.05830 -152.22700
  55.61040 -153.16400
  55.23900 -154.16000
  54.78450 -155.23900
  54.52720 -156.13800
  54.31750 -157.06700
  54.10080 -157.98600
  53.85550 -159.34400
  53.74080 -160.12900
  53.62090 -160.91000
  53.49640 -161.66400
  53.36720 -162.41300
  53.18000 -163.17700
  52.98790 -163.93400
  52.81830 -164.66500
  52.64430 -165.39000
  52.45270 -166.10800
  52.25680 -166.81900
  52.00070 -167.99000
  51.74000 -168.97200
  51.63220 -169.37800
  51.43950 -170.15900
  51.30610 -170.89700
  51.17060 -171.63400
  51.06930 -172.48400
  50.96360 -173.32800
  50.89630 -174.11900
  50.82580 -174.90700
  50.74470 -175.62900
  50.58830 -176.22300
  50.49600 -177.08800
  50.48420 -177.75800
  50.49030 -178.48000
  50.49650 -179.20200
  50.50550 179.68800
  50.61890 178.49800
  50.71270 177.63700
  50.89590 176.72000
  51.10820 175.57100
  51.40300 174.21900
  51.68390 172.96400
  52.02590 171.84700
  52.49790 170.70000
  52.85550 169.75200
  53.20790 168.83600
  53.56940 168.18800
  53.90600 167.41300
  54.23670 166.40700
  54.58840 165.77100
  54.95700 164.84700
  55.20920 164.06600
  54.77860 163.67000
  54.34680 163.28200
  53.62490 162.79000
  53.00320 162.45800
  52.65400 161.58400
  52.15880 160.94500
  51.48770 160.59900
  50.85510 159.87700
  50.15450 159.17400
  49.85460 158.64400
  49.55240 158.12100
  49.10720 157.56800
  48.65940 157.02400
  48.18280 156.35300
  47.72460 155.74200
  47.26320 155.14100
  46.85260 154.66400
  46.44000 154.19500
  45.89730 153.52800
  45.52930 152.88000
  45.15760 152.24000
  44.70400 151.41900
  44.44700 150.87700
  44.18740 150.33900
  43.72050 149.31100
  43.20790 148.34000
  42.68510 147.34500
  42.36230 146.69000
  42.07620 146.19800
  41.78800 145.71000
  41.31920 145.07700
  40.84700 144.45400
  40.54940 144.47900
  40.36680 144.39900
  40.20290 144.32800
  40.06720 144.28300
  39.92810 144.25400
  39.76670 144.22500
  39.55720 144.23600
  39.37370 144.20300
  39.12330 144.18900
  38.90860 144.11900
  38.70950 144.06100
  38.53560 144.01700
  38.35850 143.97300
  38.16550 143.92800
  37.92810 143.88800
  37.70970 143.84300
  37.47920 143.74300
  37.28990 143.63700
  37.05940 143.51800
  36.86040 143.40800
  36.64880 143.27500
  36.51950 143.15100
  36.33930 143.02000
  36.26360 142.88700
  36.18780 142.76100
  36.06420 142.68100
  36.00090 142.60600
  35.94380 142.55500
  35.67300 142.46000
  35.50270 142.32500
  35.33330 142.22100
  35.21680 142.17000
  35.16360 142.06700
  34.88860 142.02900
  34.66630 141.99200
  34.21270 141.88300
  33.70390 141.85800
  33.25250 142.01200
  32.55760 141.99400
  31.98250 142.09900
  31.31520 142.15900
  30.71100 142.22400
  30.12820 142.47300
  29.62080 142.50700
  28.97540 142.74800
  28.51870 143.00200
  27.94070 143.17200
  27.46330 143.24300
  26.73700 143.26000
  26.32890 143.23100
  25.61240 143.07500
  24.91760 143.09800
  24.90920 143.09600
  24.39080 143.52200
  23.76440 144.02200
  23.25010 144.70600
  22.71230 145.29200
  22.20150 146.06200
  21.72980 146.54500
  21.33060 146.82200
  20.80510 147.01900
  20.30340 147.20700
  19.74520 147.46000
  19.17240 147.61900
  18.64650 147.82000
  18.06020 147.81100
  17.28310 147.85600
  16.52340 147.78700
  15.65300 147.68400
  14.96610 147.46200
  14.21580 147.20100
  13.36320 146.75200
  13.00150 146.22100
  12.64660 145.69100
  12.31410 145.34900
  12.21120 145.02400
  12.02060 144.61900
  11.78960 144.15700
  11.49360 143.50300
  11.56890 143.09700
  11.40310 142.96100
  11.28520 142.12200
  11.05810 141.60800
  10.85780 140.77200
  10.94590 140.10000
  11.12140 138.81300
  11.06055 138.90647
  11.00736 139.13176
  10.95178 139.35682
  10.89998 139.58745
  10.80470 139.80152
  10.60297 139.97783
  10.36062 140.09822
  10.36302 140.09713
  10.36062 140.09822
   9.99538 140.24266
   9.62070 140.36141
   9.19101 140.50021
   8.79095 140.70530
   8.11804 141.51700
   7.61077 142.26200
   7.38844 142.66600
   7.31319 142.82211
   7.27559 142.95796
   7.27539 143.10093
   7.28398 143.27733
   7.30445 143.45256
   7.40916 143.78841
   7.57755 144.09810
   7.78651 144.39325
   8.01373 144.67486
   8.24367 144.95183
   8.44164 145.25147
   8.62291 145.94962
   8.54965 146.67113
   8.44814 147.01092
   8.29898 147.33199
   8.09211 147.61824
   7.84361 147.86960
   7.39303 148.20908
   6.89344 148.47120
   6.31169 148.61881
   5.70963 148.64968
   5.14900 148.65920
   4.58825 148.65633
   4.01555 148.63831
   3.44270 148.62825
   3.13658 148.69400
   2.62928 148.66800
   2.05827 148.68400
   1.48745 148.70000
   0.93659 148.86300
   0.40626 149.11200
  -0.14324 149.19100
  -0.39698 149.25100
  -0.65021 149.27000
  -0.81847 149.48100
  -1.00453 149.76900
  -1.02138 150.02300
  -1.12276 150.34400
  -1.22404 150.71700
  -1.30833 151.08900
  -1.46017 151.42700
  -1.64562 151.81600
  -1.86475 152.15500
  -2.13414 152.57800
  -2.15020 152.91600
  -2.20029 153.11900
  -2.43572 153.39000
  -2.60389 153.54200
  -2.68759 153.71100
  -3.04097 153.88200
  -3.32680 154.03500
  -3.61210 154.25600
  -3.94845 154.35900
  -4.28294 154.70000
  -4.55028 154.95500
  -4.88657 154.99200
  -5.24012 154.97800
  -5.58051 154.59200
  -5.90097 154.54500
  -6.42324 154.53300
  -6.50000 158.00000
  -7.75000 161.00000
  -8.75000 162.00000
 -10.00000 162.00000
 -10.00000 165.50000
 -10.40000 167.00000
 -11.00000 167.50000
 -11.88540 167.50000
 -12.01350 168.34000
 -12.13840 169.30500
 -12.25990 170.27100
 -12.37800 171.23900
 -12.49260 172.20700
 -12.60390 173.17600
 -12.71160 174.14500
 -12.81580 175.11600
 -12.98340 176.03000
 -13.14770 176.94500
 -13.30880 177.86100
 -13.46670 178.77900
 -13.62120 179.69700
 -13.77230 -179.38300
 -13.82430 -178.69500
 -13.87430 -178.00600
 -14.34600 -177.23100
 -14.70640 -177.41500
 -14.67080 -176.88000
 -14.63400 -176.34600
 -14.47810 -175.86500
 -14.40660 -175.30900
 -14.33390 -174.75400
 -14.37910 -174.08300
 -14.53380 -173.83600
 -14.58400 -173.40700
 -14.69670 -173.27300
 -14.78480 -173.13000
 -14.86690 -172.93900
 -15.03300 -172.77400
 -15.15140 -172.60200
 -15.37340 -172.42800
 -15.56110 -172.35500
 -15.73200 -172.33100
 -16.04100 -172.30000
 -16.33190 -172.30700
 -16.71570 -172.31100
 -16.96290 -172.33500
 -17.27060 -172.37400
 -17.67660 -172.44500
 -17.93480 -172.54000
 -18.15230 -172.59100
 -18.48320 -172.69800
 -18.77690 -172.78600
 -19.07100 -172.87400
 -19.46080 -172.97000
 -19.77880 -173.05300
 -20.20400 -173.21800
 -20.58620 -173.40300
 -20.89260 -173.55100
 -21.24760 -173.70300
 -21.52630 -173.81800
 -21.91530 -173.95200
 -22.28980 -174.13900
 -22.61690 -174.32300
 -22.90580 -174.48900
 -23.22050 -174.66300
 -23.51260 -174.84200
 -23.74990 -174.98500
 -24.07010 -175.10200
 -24.47190 -175.20900
 -24.83620 -175.22900
 -25.14250 -175.26100
 -25.42570 -175.29700
 -25.72950 -175.38200
 -26.02480 -175.41500
 -26.43720 -175.42300
 -26.85690 -175.40000
 -27.31800 -175.54500
 -27.78430 -175.78500
 -28.26380 -175.88500
 -28.69710 -175.99500
 -29.06530 -176.07800
 -29.46910 -176.15300
 -29.88080 -176.33900
 -30.32150 -176.54700
 -30.67790 -176.69000
 -31.03740 -176.91900
 -31.45170 -177.10800
 -31.79320 -177.30100
 -31.95740 -177.53800
 -32.20280 -177.64900
 -32.69590 -177.66600
 -33.19080 -177.81000
 -33.57950 -177.98100
 -33.84590 -178.20800
 -34.24130 -178.29400
 -34.48540 -178.41300
 -34.70580 -178.53900
 -35.02180 -178.64100
 -35.54230 -179.04400
 -36.17900 -179.37100
 -36.79300 -179.81100
 -37.47580 179.83800
 -38.20450 179.56900
 -38.53800 179.36600
 -38.88850 179.21500
 -39.22960 179.12500
 -39.68480 178.95000
 -40.08700 178.79200
 -40.42400 178.56600
 -40.80710 178.28400
 -41.18790 178.01500
 -41.49970 177.60700
 -41.97120 176.94843
 -42.25073 176.44927
 -42.61013 176.01001
 -42.80979 175.45095
 -43.14922 175.05162
 -43.58848 174.21303
 -43.70828 173.67394
 -44.06768 173.07495
 -44.42707 172.53585
 -44.82640 171.85700
 -45.16583 171.39777
 -45.50526 170.89861
 -45.66499 170.23971
 -46.24402 169.62076
 -46.62338 169.00180
 -46.96281 168.46270
 -47.36214 167.78385
 -47.80140 167.20482
 -48.12086 166.68569
 -48.42036 166.16656
 -48.65995 165.74727
 -49.07925 165.12831
 -49.39871 164.58922
 -49.85794 164.07009
 -50.15744 163.39123
 -50.36880 162.96300
 -50.44330 162.78500
 -50.54950 162.59400
 -50.66790 162.45300
 -50.81740 162.27300
 -50.96210 162.04900
 -51.11820 161.82500
 -51.19210 161.71600
 -51.39880 161.54200
 -51.54210 161.36800
 -51.75080 161.16200
 -51.92440 161.02600
 -52.16560 160.76200
 -52.29180 160.67100
 -52.43270 160.53500
 -52.63360 160.34200
 -52.82170 160.09200
 -52.99070 159.90500
 -53.17040 159.73100
 -53.34520 159.51200
 -53.59800 159.31800
 -53.61950 159.21600
 -53.81220 159.14200
 -54.08830 158.98500
 -54.30800 158.88500
 -54.55890 158.74000
 -54.68940 158.67400
 -54.92790 158.61800
 -55.04670 158.59600
 -55.27240 158.54000
 -55.52160 158.46500
 -55.77930 158.33200
 -56.02160 158.22600
 -56.16470 158.15300
 -56.31050 158.04200
 -56.43850 157.94400
 -56.72480 157.82300
 -56.99180 157.70300
 -57.23020 157.64000
 -57.47400 157.61500
 -57.78350 157.62000
 -58.06810 157.75100
 -58.33420 157.92000
 -58.60510 158.12100
 -58.77920 158.26700
 -58.85810 158.38500
 -59.07050 158.65000
 -59.30460 158.97200
 -59.51070 159.18600
 -59.73160 159.41300
 -59.93870 159.69100
 -60.00550 159.80300
 -60.50390 160.32700
 -61.05260 160.74000
 -61.38420 161.12900
