PS
  30.49260 132.63000
  30.30756 132.47112
  30.15511 132.44125
  29.82460 132.30331
  29.54210 132.08034
  29.39762 131.94116
  29.25039 131.80492
  29.11098 131.69413
  28.98740 131.62800
  28.85910 131.52400
  28.75080 131.46700
  28.45080 131.30900
  28.31820 131.09700
  28.13580 130.64900
  27.70940 130.52300
  27.21350 130.21100
  26.67090 129.78500
  26.19080 129.36000
  25.85910 128.97800
  25.45760 128.46200
  24.96900 127.90700
  24.50290 127.39800
  24.10110 126.90100
  23.76060 126.42600
  23.49770 125.95400
  23.37990 125.55000
  23.34700 124.80719
  23.33308 124.09109
  23.30739 123.76453
  23.30020 123.43735
  23.33896 123.09965
  23.41098 122.76721
  23.49709 122.41218
  23.58440 122.05754
  23.35205 122.06105
  23.10536 122.06105
  22.73534 122.08572
  22.35297 122.08572
  21.98295 122.08572
  21.48958 122.09806
  21.08255 122.12272
  20.67552 122.11039
  20.26849 122.09806
  19.81212 122.11039
  19.31780 122.13400
  19.18510 122.67300
  18.80650 123.01100
  18.42730 123.34800
  17.83560 123.52800
  17.42250 123.29600
  17.00920 123.06600
  16.37400 122.91400
  16.03740 123.37800
  15.69990 123.84100
  15.20260 124.38000
  14.70420 124.89100
  14.13210 125.15000
  13.30560 125.49400
  12.81810 125.68600
  12.26530 126.13700
  11.63040 126.24000
  11.05990 126.21400
  10.29640 126.57300
   9.44925 126.82400
   8.75031 127.05300
   8.13649 127.21900
   7.29165 127.23400
   6.44683 127.25000
   5.89653 127.45900
   5.47404 127.49800
   5.22401 127.83600
   4.76318 128.15100
   4.33466 128.38700
   3.70046 128.68400
   3.11403 128.99800
   2.67063 129.21700
   1.92806 129.24600
   1.05932 129.19700
   0.68416 129.98900
   0.47488 130.54600
   0.26556 131.10200
   0.14974 131.73800
   0.03390 132.37300
   0.01706 132.51500
   0.81158 132.65100
   1.16455 132.72000
   1.72846 132.73400
   2.25688 132.76600
   2.53873 132.81700
   2.90828 132.85000
   3.31224 132.79500
   3.69833 132.74000
   4.11986 132.79000
   4.45382 132.91100
   4.78754 133.03200
   5.01620 133.18900
   5.34909 133.24000
   5.73427 133.30800
   5.96222 133.42900
   6.15594 133.67400
   6.33263 133.98900
   6.61025 134.26900
   6.99019 134.52100
   6.89507 135.41500
   6.98895 136.18300
   7.36771 136.75900
   7.61961 137.14400
   7.87117 137.52900
   8.53360 137.98200
   9.19616 138.30900
   9.37865 138.35900
   9.95256 138.57400
  10.64920 138.71000
  11.12140 138.81300
  11.41005 138.87759
  11.94590 140.10000
  11.85780 140.77200
  11.95810 141.60800
  11.98520 142.12200
  12.02310 142.96100
  12.03010 143.10600
  12.26500 143.14300
  12.47810 143.23900
  12.69470 143.40300
  12.82220 143.51000
  13.05770 143.66200
  13.26760 143.77100
  13.54090 143.87100
  13.62350 143.90300
  13.81080 143.94200
  14.08700 143.97600
  14.63940 144.08200
  14.65570 144.21600
  14.88450 144.33400
  14.91670 144.53000
  15.52560 144.45300
  15.65310 144.79900
  16.12270 144.79200
  16.47800 144.84100
  16.97930 144.79800
  17.42010 144.67100
  17.53460 144.97000
  17.82950 144.77300
  18.01980 144.70600
  18.16560 144.66300
  18.35910 144.62600
  18.75560 144.60100
  19.07270 144.54300
  19.12340 144.52700
  19.72530 144.25200
  19.75330 144.13700
  19.85770 144.08300
  20.11090 143.97000
  20.41780 143.84200
  20.39680 143.57500
  20.53250 143.49300
  20.72830 143.39200
  20.96190 143.28100
  21.06060 143.32100
  21.32030 143.28000
  21.65900 143.21800
  21.92780 143.15000
  22.13850 142.99700
  22.37660 142.77400
  22.66200 142.56000
  23.00910 142.25700
  24.90920 140.49600
  24.91760 140.49800
  25.61240 140.47500
  26.32890 140.63100
  26.73700 140.66000
  27.46330 140.64300
  27.94070 140.67200
  28.51870 140.40200
  28.97540 140.14800
  29.62080 139.90700
  30.12820 139.87300
  30.71100 139.72400
  31.31520 139.65900
  31.98250 139.59900
  32.55760 139.39400
  32.80000 139.41200
  33.74950 138.06600
  33.40460 137.54600
  33.05260 137.03000
  32.86810 136.52400
  32.68600 136.02500
  32.53720 135.61200
  32.46000 135.35600
  32.32640 135.02600
  32.19970 134.69100
  31.88210 134.04200
  31.51520 133.50000
  31.21620 133.19700
  30.96980 132.96500
  30.75440 132.82400
