RI
  21.77390 -108.66900
  21.64280 -108.78400
  21.53600 -108.86800
  21.45130 -108.93600
  21.34700 -108.97700
  21.25290 -108.80900
  21.06790 -108.91500
  20.94900 -109.01300
  20.82400 -109.11100
  20.73920 -109.19400
  20.64260 -109.26100
  20.55840 -109.28500
  20.49950 -109.18700
  20.39730 -109.21500
  20.24230 -109.31900
  20.17570 -109.37800
  20.14180 -109.37300
  20.02710 -109.45000
  19.80650 -109.16000
  19.62550 -108.90300
  19.54960 -108.89600
  19.38370 -108.53400
  19.22350 -108.19800
  19.10730 -108.23300
  18.93600 -107.81600
  18.86320 -107.52300
  18.75610 -107.27200
  18.64710 -107.00200
  18.58990 -106.75600
  18.54440 -106.52700
  18.52302 -106.28787
  18.81900 -106.23700
  18.55940 -105.53000
  18.98070 -105.54600
  19.16440 -105.73900
  19.40190 -105.94900
  19.64370 -106.12100
  19.91580 -106.27100
  20.20270 -106.35200
  20.42810 -106.38500
  20.63790 -106.38700
  20.83970 -106.38100
  21.12080 -106.44200
  21.18380 -106.52500
  21.23550 -106.55100
  21.31060 -106.62400
  21.48300 -106.75700
  21.64030 -106.80800
  21.71560 -106.86200
  21.79920 -106.89000
  21.75360 -107.04600
  21.75220 -107.17100
  21.74780 -107.39300
  21.74170 -107.58600
  21.73970 -107.77400
  21.68610 -107.92800
  21.72000 -108.11400
  21.83480 -108.39700
  21.90470 -108.58200
