SA
 -28.21330 -12.74560
 -28.32100 -13.27160
 -27.44290 -13.48230
 -26.56440 -13.68960
 -26.58560 -13.81560
 -25.73760 -14.04850
 -25.64800 -13.66320
 -24.88740 -13.81060
 -24.77710 -13.28010
 -24.14580 -13.42590
 -23.51430 -13.57030
 -23.54420 -13.66370
 -22.82920 -13.82930
 -22.73020 -13.33980
 -22.62980 -12.85110
 -22.37900 -12.91020
 -22.26710 -12.36430
 -22.15340 -11.81920
 -21.75220 -11.93590
 -21.73510 -11.84950
 -21.20910 -12.00660
 -21.17590 -11.76320
 -20.29910 -11.97080
 -20.27840 -11.85220
 -19.82480 -11.94460
 -19.93530 -12.26260
 -19.34090 -12.37030
 -18.74650 -12.47720
 -18.78450 -12.75930
 -18.28720 -12.85980
 -17.78980 -12.95980
 -17.89300 -13.51890
 -17.99460 -14.07860
 -17.38590 -14.22420
 -16.77700 -14.36880
 -16.76450 -14.23810
 -16.43270 -14.30240
 -16.32290 -13.77020
 -16.21170 -13.23860
 -15.68820 -13.38350
 -15.66320 -13.22610
 -14.84940 -13.43520
 -14.03550 -13.64280
 -14.20770 -14.47840
 -13.73660 -14.53910
 -13.26550 -14.59960
 -13.21810 -14.41020
 -12.57700 -14.55010
 -12.65620 -14.79100
 -12.31960 -14.86110
 -12.33900 -14.90770
 -11.88530 -15.00580
 -11.77060 -14.51150
 -11.65510 -14.01770
 -11.53870 -13.52430
 -11.42150 -13.03130
 -10.62310 -13.17360
  -9.82468 -13.31510
  -9.79444 -13.16630
  -9.27648 -13.24820
  -9.22523 -13.02300
  -8.37401 -13.19110
  -8.41071 -13.35740
  -7.88908 -13.48940
  -7.36740 -13.62100
  -7.16482 -12.80680
  -6.96082 -11.99330
  -6.75542 -11.18050
  -6.02023 -11.26710
  -5.93021 -11.02220
  -5.37706 -11.16690
  -5.41504 -11.51610
  -4.94231 -11.60440
  -5.02557 -12.01850
  -4.60882 -12.14450
  -4.58743 -12.03860
  -4.10303 -12.09680
  -3.97199 -11.76550
  -3.49273 -11.89750
  -3.01345 -12.02930
  -2.85504 -11.83360
  -2.40025 -11.99890
  -1.94545 -12.16410
  -2.09908 -12.70140
  -1.50722 -12.92980
  -0.91535 -13.15800
  -1.10824 -13.90870
  -1.30094 -14.65940
  -1.49342 -15.41030
  -1.07324 -15.56520
  -1.14320 -15.84060
  -0.51963 -16.03720
  -0.55620 -16.25220
   0.29895 -16.49820
   0.26859 -16.75690
   0.14961 -17.32290
   0.03061 -17.88890
  -0.07275 -18.36930
  -0.17611 -18.84970
  -0.33338 -19.67470
  -0.49671 -20.48990
  -0.58849 -21.01680
  -0.68022 -21.54370
  -0.79639 -22.38130
  -0.88040 -22.93550
  -0.96432 -23.48970
  -1.03387 -24.05070
  -1.10331 -24.61170
  -0.24459 -24.82060
   0.61413 -25.02940
   0.55617 -25.65910
   0.49814 -26.28870
   1.15918 -26.47400
   1.06184 -27.31530
   1.00748 -27.83090
   0.95303 -28.34650
   0.84891 -29.20960
   0.79740 -29.92030
   1.60709 -30.02690
   1.64269 -30.73580
   2.44874 -30.81130
   3.25477 -30.88680
   4.06081 -30.96250
   4.03611 -31.43740
   4.01114 -31.91220
   3.98590 -32.38700
   3.96038 -32.86170
   4.80377 -32.91980
   5.64716 -32.97800
   5.64946 -33.50680
   6.07619 -33.51360
   6.10421 -33.62030
   6.61760 -33.62440
   6.61577 -34.49370
   6.61393 -35.36290
   6.93495 -35.36650
   7.02322 -36.04690
   7.36342 -36.05770
   7.40089 -36.85140
   7.65432 -36.86480
   7.67935 -37.53560
   7.70334 -38.20650
   8.13953 -38.22100
   8.15934 -38.70090
   8.17858 -39.18080
   8.19726 -39.66080
   8.21537 -40.14080
   8.81526 -40.11960
   8.84060 -40.65220
   9.37285 -40.64020
   9.38937 -40.86480
   9.97269 -40.86150
   9.97939 -41.08290
  10.78690 -41.08710
  10.81210 -41.55920
  10.83650 -42.03130
  10.86020 -42.50350
  10.88320 -42.97580
  10.90550 -43.44820
  10.92700 -43.92060
  11.50620 -43.90260
  12.08540 -43.88450
  12.10080 -44.27750
  12.62560 -44.26200
  12.67990 -45.03730
  13.33580 -45.04930
  13.99170 -45.06140
  13.43940 -45.54810
  12.73210 -46.11270
  12.02370 -46.67410
  12.28730 -47.60530
  12.54780 -48.53830
  12.80500 -49.47330
  13.05890 -50.41010
  13.30950 -51.34880
  13.54600 -52.21560
  13.77960 -53.08410
  14.01000 -53.95430
  14.23740 -54.82630
  14.20845 -55.20029
  13.91747 -55.88134
  13.74290 -56.19289
  13.54515 -56.49024
  13.43521 -56.76567
  13.38384 -57.06422
  13.39421 -57.40370
  13.87400 -57.71070
  14.00000 -58.00000
  12.50000 -59.25000
  10.15970 -59.25000
   9.40000 -61.50000
   9.85314 -62.69254
   9.59880 -63.35966
   9.55826 -63.52836
   9.51490 -63.69632
   9.48655 -63.85202
   9.50774 -64.00741
   9.72038 -64.27378
   9.98261 -64.50019
  10.12609 -64.78168
  10.13410 -65.10147
  10.07491 -65.44262
   9.98358 -65.77688
   9.92405 -66.04371
   9.87678 -66.31399
   9.81953 -66.58887
   9.76328 -66.86394
   9.66162 -67.42983
   9.59772 -68.00099
   5.00000 -72.25000
   4.41261 -73.13000
   4.30774 -73.32590
   4.16783 -73.59170
   3.97914 -73.78030
   3.81860 -73.81500
   3.56025 -73.92650
   3.42043 -74.10100
   3.29442 -74.34540
   3.02190 -74.58940
   2.93600 -74.69784
   2.73418 -74.73776
   2.41470 -74.74194
   2.13270 -74.85977
   1.93712 -75.09933
   1.77848 -75.39374
   1.61830 -75.68762
   1.41993 -75.98207
  -1.15526 -77.62157
  -1.45653 -77.59321
  -1.75903 -77.59128
  -2.30857 -77.62855
  -2.34986 -77.10560
  -2.78531 -76.31190
  -3.22022 -75.51750
  -3.65452 -74.72250
  -4.08810 -73.92670
  -4.52091 -73.13010
  -5.39357 -72.88560
  -6.26612 -72.64040
  -7.13856 -72.39440
  -8.01087 -72.14750
  -8.88304 -71.89950
 -14.08300 -66.96021
 -14.58495 -66.40105
 -15.11954 -65.87168
 -15.37315 -65.62724
 -15.64401 -65.40230
 -15.94295 -65.19945
 -16.24955 -65.00801
 -16.54431 -64.81583
 -16.82739 -64.60721
 -17.06166 -64.35767
 -17.23178 -64.06004
 -17.44593 -63.39269
 -17.70797 -62.74750
 -17.94695 -62.50615
 -18.26771 -62.39587
 -18.63466 -62.36040
 -19.00191 -62.32906
 -19.73379 -62.27576
 -20.46606 -62.22918
 -20.82372 -62.20458
 -21.18177 -62.18563
 -21.34323 -62.18973
 -21.50113 -62.22191
 -21.65819 -62.29781
 -21.80147 -62.39780
 -22.33350 -62.48420
 -22.99830 -62.41430
 -23.66310 -63.34380
 -24.36450 -63.49530
 -25.06580 -63.64850
 -25.97670 -63.81070
 -26.88740 -63.97550
 -27.72790 -63.92050
 -28.56830 -63.86460
 -29.40870 -63.80780
 -30.24910 -63.75010
 -31.16360 -63.80820
 -32.07810 -63.86740
 -32.99250 -63.92780
 -39.83872 -71.33225
 -41.13009 -71.57014
 -42.14960 -71.77404
 -43.06715 -71.90997
 -44.32454 -71.97794
 -45.34404 -72.07989
 -46.26159 -71.97794
 -47.28110 -72.01192
 -48.23264 -72.07989
 -49.18417 -71.97794
 -50.20367 -72.01192
 -51.22318 -72.01192
 -52.58252 -72.01192
 -54.17260 -64.78800
 -54.01770 -63.71310
 -53.91710 -62.82080
 -53.81000 -61.93300
 -53.67350 -60.53220
 -53.59810 -59.24580
 -53.62600 -57.75000
 -53.64860 -56.45670
 -53.53040 -55.59650
 -53.40600 -54.74130
 -53.20940 -53.38210
 -52.87260 -52.17590
 -52.71000 -50.67130
 -52.66400 -49.16260
 -52.69070 -47.66260
 -52.83010 -46.41410
 -52.93090 -45.19100
 -53.26970 -44.20950
 -53.60030 -43.21250
 -53.87970 -42.41010
 -54.15360 -41.59710
 -54.39720 -40.65970
 -54.63340 -39.71120
 -54.85320 -38.71490
 -55.08620 -37.81030
 -55.21490 -36.84600
 -55.64160 -36.10830
 -55.72950 -34.59120
 -55.60500 -33.69110
 -55.45800 -33.05770
 -54.86000 -33.35510
 -54.46030 -33.73380
 -54.58540 -32.36700
 -54.82170 -30.90560
 -55.03340 -29.48850
 -55.00490 -28.64660
 -55.09480 -27.60440
 -55.23190 -26.99490
 -55.42440 -26.41400
 -55.83960 -25.72050
 -56.29200 -25.14920
 -56.73360 -24.69630
 -57.17360 -24.23270
 -57.42530 -24.13020
 -58.19500 -23.81940
 -58.92090 -23.99070
 -59.38580 -24.45590
 -59.97330 -25.06880
 -60.39100 -26.07090
 -60.54500 -25.09350
 -60.69170 -24.10690
 -60.72320 -22.91370
 -60.74410 -21.71860
 -60.78170 -20.65100
 -60.81080 -19.58120
 -60.28910 -19.37050
 -60.25000 -18.64640
 -59.93760 -18.54720
 -59.54230 -18.43250
 -59.50930 -18.12330
 -59.15260 -18.06000
 -59.12890 -17.66700
 -59.09820 -16.91690
 -59.09840 -16.41000
 -58.76720 -16.22580
 -58.45930 -16.00470
 -58.43880 -15.97150
 -58.39040 -15.06890
 -58.31730 -13.95430
 -58.24060 -12.64890
 -58.15770 -11.18970
 -58.09150  -9.88532
 -57.98880  -8.60685
 -57.92040  -7.52477
 -57.86940  -7.00902
 -57.61720  -7.01278
 -57.31760  -6.99917
 -57.27000  -6.53815
 -57.24020  -6.13025
 -56.98230  -6.09431
 -56.67210  -6.05679
 -56.62700  -5.44832
 -56.59160  -4.69342
 -56.21020  -4.67546
 -55.80720  -4.69061
 -55.76940  -4.05601
 -55.73990  -3.72024
 -55.70720  -2.89625
 -55.65680  -2.07998
 -55.65290  -1.61369
 -55.12930  -1.60588
 -55.01900  -1.03898
 -54.85180  -0.43790
 -54.45350  -0.91465
 -54.05330  -1.38220
 -54.32740  -2.37231
 -53.54690  -2.91952
 -52.76400  -3.44688
 -51.97880  -3.95559
 -52.04860  -4.23767
 -51.59120  -4.47762
 -51.13330  -4.71279
 -50.67490  -4.94334
 -50.21610  -5.16942
 -50.41710  -6.15983
 -50.60960  -7.15851
 -50.00130  -7.43284
 -50.05870  -7.63767
 -49.27020  -7.96086
 -49.28260  -8.02211
 -48.96100  -8.13908
 -49.09120  -8.92248
 -49.21600  -9.70992
 -48.69390  -9.90926
 -48.17150 -10.10450
 -47.64870 -10.29580
 -47.12560 -10.48340
 -47.24520 -11.18920
 -47.36050 -11.89820
 -47.47140 -12.61020
 -47.57780 -13.32510
 -46.68780 -13.57150
 -45.79720 -13.81000
 -45.89850 -14.71550
 -45.37140 -14.89400
 -45.47560 -15.59390
 -45.02790 -15.76030
 -44.58000 -15.92420
 -44.13190 -16.08560
 -43.68350 -16.24450
 -43.38700 -16.32960
 -42.86770 -16.42990
 -42.33770 -16.21460
 -41.80650 -16.33160
 -41.51910 -16.67800
 -41.17630 -16.74360
 -40.78970 -16.81660
 -40.36630 -16.86740
 -40.27290 -16.46980
 -39.79000 -16.41460
 -39.68070 -15.92240
 -39.35160 -15.96510
 -38.88340 -16.04380
 -38.55840 -16.36100
 -38.40120 -16.79850
 -38.44670 -17.05050
 -38.02510 -17.38780
 -37.47240 -17.53310
 -37.37440 -17.23350
 -36.94360 -17.33310
 -36.56230 -17.44040
 -36.47240 -17.08470
 -36.06840 -17.41910
 -35.66330 -17.70320
 -35.49940 -16.96190
 -35.34310 -16.02740
 -35.18240 -15.10000
 -34.77020 -15.26590
 -34.68980 -15.08340
 -34.23760 -15.27410
 -34.04340 -14.51510
 -33.56910 -14.70180
 -33.49890 -14.36680
 -32.89760 -14.44610
 -32.40020 -14.52290
 -32.27450 -13.88300
 -32.14320 -13.24530
 -31.66120 -13.37140
 -31.17910 -13.49880
 -31.15670 -13.36660
 -30.49130 -13.54280
 -29.82800 -13.71590
 -29.85150 -13.82010
 -29.25100 -13.99020
 -29.09800 -13.26240
 -28.94090 -12.53260
