SB
  -7.03217 149.31400
  -6.93936 149.86000
  -6.88149 150.14600
  -6.69359 150.66300
  -6.44252 151.14800
  -6.21031 151.51900
  -5.92553 151.87600
  -5.75490 152.25700
  -5.64024 152.65300
  -5.74072 153.10700
  -5.94643 153.51900
  -6.26500 153.93000
  -6.04594 153.82300
  -5.70366 153.61400
  -5.36112 153.40300
  -5.01833 153.19300
  -4.60329 152.92700
  -4.18815 152.66200
  -4.13010 152.61600
  -4.03917 152.55700
  -3.97364 152.47800
  -3.90297 152.41500
  -3.82223 152.32800
  -3.73899 152.22600
  -3.66584 152.13200
  -3.63575 152.03800
  -3.64860 151.98700
  -3.67667 151.92900
  -3.72013 151.81400
  -3.76873 151.67500
  -3.66511 151.56300
  -3.75424 151.42800
  -3.70620 151.37500
  -3.65625 151.30100
  -3.73657 151.22200
  -3.80630 151.09500
  -3.69197 150.98700
  -3.72352 150.90900
  -3.77503 150.79300
  -3.81816 150.67800
  -3.83913 150.55200
  -3.85709 150.44700
  -3.88086 150.32000
  -3.90269 150.24000
  -3.87360 150.22600
  -3.82943 150.19200
  -3.78988 150.12100
  -3.75198 150.02700
  -3.72378 149.93800
  -3.65909 149.87200
  -3.61656 149.81700
  -3.61764 149.81600
  -3.59230 149.77300
  -3.57966 149.71700
  -3.56959 149.60300
  -3.54429 149.45300
  -3.52151 149.29500
  -3.46572 149.08900
  -3.39465 148.87800
  -3.30577 148.67500
  -3.22195 148.49900
  -3.14063 148.32900
  -3.02628 148.12300
  -2.92212 147.98300
  -2.81284 147.81600
  -2.87857 147.60500
  -2.88103 147.53900
  -2.90886 147.47800
  -2.96204 147.40700
  -3.05326 147.32500
  -3.15205 147.24100
  -3.26100 147.16200
  -3.38515 147.08300
  -3.51435 146.99900
  -3.64099 146.91800
  -3.75493 146.83600
  -3.43769 146.41500
  -3.47062 146.11000
  -3.48507 145.39900
  -5.00000 148.01000
  -7.31238 148.01000
  -7.39451 148.58700
