SC
 -52.92850 -76.31210
 -53.43520 -76.01970
 -53.94120 -75.72030
 -54.29410 -75.23890
 -54.64510 -74.74920
 -55.00370 -74.12020
 -55.35900 -73.47990
 -55.66540 -72.99520
 -55.96240 -72.27720
 -56.25520 -71.54810
 -56.62200 -70.40110
 -56.85220 -69.25610
 -57.07170 -68.09720
 -57.50190 -67.10180
 -57.73630 -65.86720
 -57.95860 -64.61700
 -58.35920 -63.57070
 -58.60290 -62.57140
 -59.01050 -61.03990
 -59.45350 -59.70450
 -59.72850 -58.96980
 -59.99930 -58.22300
 -60.56470 -56.92500
 -60.74220 -56.26920
 -60.70010 -55.80970
 -60.76310 -55.06660
 -60.97760 -54.30900
 -61.51020 -54.30070
 -61.03660 -53.12210
 -60.75270 -52.06810
 -60.57250 -51.11940
 -60.09360 -50.88710
 -60.04360 -49.59940
 -59.96840 -48.25070
 -59.95980 -46.96320
 -60.09150 -45.60340
 -60.24250 -44.22590
 -60.37610 -43.15090
 -60.50100 -42.06740
 -60.97500 -41.21360
 -60.63400 -39.82700
 -60.61800 -39.09300
 -60.64330 -37.56050
 -60.62000 -36.41810
 -60.68950 -34.82520
 -60.70090 -33.44640
 -60.40890 -32.36700
 -60.51180 -31.01390
 -60.57530 -29.73820
 -60.60100 -28.74330
 -60.61710 -27.69670
 -60.46730 -27.70480
 -60.45870 -28.67710
 -60.43470 -29.59800
 -60.17360 -29.88120
 -59.93700 -30.03140
 -59.51500 -30.10750
 -59.51380 -29.55470
 -58.81670 -29.56340
 -58.80520 -29.95090
 -58.27190 -30.00690
 -58.26190 -29.84420
 -57.59790 -29.85170
 -57.59950 -30.06920
 -57.09540 -30.12920
 -57.09370 -30.38000
 -56.85100 -30.46900
 -56.85930 -30.74310
 -56.56990 -30.74340
 -56.51100 -30.72710
 -56.44920 -30.72100
 -56.44340 -30.37790
 -56.29040 -30.33380
 -56.13450 -30.32530
 -56.05170 -30.33240
 -55.94910 -30.33430
 -55.86350 -30.32630
 -55.75390 -30.31570
 -55.68350 -29.81700
 -55.60480 -29.77280
 -55.50090 -29.79360
 -55.32680 -29.81470
 -55.20430 -29.71470
 -55.03340 -29.48850
 -54.82170 -30.90560
 -54.58540 -32.36700
 -54.46030 -33.73380
 -54.86000 -33.35510
 -55.45800 -33.05770
 -55.60500 -33.69110
 -55.72950 -34.59120
 -55.64160 -36.10830
 -55.21490 -36.84600
 -55.08620 -37.81030
 -54.85320 -38.71490
 -54.63340 -39.71120
 -54.39720 -40.65970
 -54.15360 -41.59710
 -53.87970 -42.41010
 -53.60030 -43.21250
 -53.26970 -44.20950
 -52.93090 -45.19100
 -52.83010 -46.41410
 -53.49070 -47.66260
 -53.66400 -49.16260
 -53.71000 -50.67130
 -53.87260 -52.17590
 -54.20940 -53.38210
 -54.40600 -54.74130
 -54.53040 -55.59650
 -54.64860 -56.45670
 -54.42600 -57.75000
 -54.39810 -59.24580
 -54.37350 -60.53220
 -54.26000 -61.93300
 -54.31710 -62.82080
 -54.21770 -63.71310
 -54.17260 -64.78800
 -54.51780 -65.87080
 -54.39410 -67.40400
 -54.62970 -68.98860
 -54.23090 -69.86690
 -54.09940 -70.51270
 -53.92250 -71.29060
 -53.71830 -72.08160
 -53.31350 -73.01050
 -52.91110 -74.03510
 -52.55640 -74.99560
 -52.31470 -75.74350
 -52.06840 -76.48330
