SO
 -38.01420  48.63260
 -37.99990  49.03440
 -37.79170  49.03660
 -37.79020  49.94510
 -37.59680  49.96220
 -37.57990  50.82330
 -37.45070  50.82700
 -37.44150  51.55480
 -37.43220  52.28270
 -36.79730  52.31060
 -36.16240  52.33800
 -36.15300  52.90230
 -36.14090  53.46650
 -35.51670  53.47060
 -35.30240  54.21610
 -34.54160  54.25510
 -34.56050  55.27470
 -34.28720  55.30100
 -34.23500  55.69870
 -33.65280  55.73790
 -33.62680  56.40060
 -33.55420  57.06070
 -32.83500  57.09120
 -32.30280  57.12230
 -31.77060  57.15300
 -31.72200  57.80000
 -31.69100  58.45630
 -31.05530  58.52990
 -31.04970  59.16670
 -30.56710  59.18800
 -30.56070  60.00540
 -30.53150  60.76280
 -30.01450  60.74730
 -29.99900  60.76240
 -29.46520  60.78640
 -28.93130  60.81020
 -28.91990  61.53220
 -28.77720  61.51760
 -28.81140  62.16190
 -28.48960  62.13510
 -28.45850  62.74620
 -28.15250  62.70300
 -28.16400  63.21120
 -28.02140  63.19420
 -28.03880  63.62110
 -27.83130  63.60370
 -27.81750  64.46690
 -27.81220  65.33210
 -27.51410  65.34750
 -27.51450  66.35900
 -27.28110  66.37300
 -27.26920  67.12900
 -26.86740  67.15550
 -26.86990  67.42400
 -26.57150  67.43330
 -26.58300  67.96220
 -26.29060  67.97910
 -26.26250  68.62190
 -26.12060  68.59790
 -26.14100  68.81970
 -26.00890  68.82940
 -25.99330  69.15000
 -25.78430  69.13790
 -25.78220  69.46030
 -25.67620  69.49000
 -25.65120  69.95950
 -25.48250  70.08960
 -24.97010  69.59210
 -24.67850  69.93930
 -24.36860  69.68040
 -24.03960  69.40160
 -23.70870  69.84970
 -23.37310  69.55770
 -22.83050  69.16210
 -22.38700  68.79670
 -22.08770  69.20170
 -21.44950  68.65290
 -20.87770  68.27680
 -20.71190  68.55920
 -20.29070  68.21250
 -20.46900  67.89670
 -20.28000  67.76790
 -20.36890  67.59300
 -20.07250  67.30950
 -20.21810  67.04040
 -19.87030  66.75130
 -20.07830  66.42800
 -19.57750  66.03330
 -18.82810  65.52170
 -18.44320  65.26390
 -18.05790  65.00730
 -17.78300  65.54240
 -17.45010  66.14280
 -17.09010  66.70810
 -16.65870  67.41050
 -16.13890  67.03300
 -15.94190  67.38270
 -15.82150  67.29020
 -15.26960  66.88820
 -14.69800  66.48830
 -14.33870  66.20760
 -13.97910  65.92780
 -13.77730  66.20970
 -13.26810  65.82050
 -12.83270  66.36920
 -12.42580  66.03300
 -12.01850  65.69780
 -11.55900  66.41820
 -11.21000  66.16740
 -10.76200  66.78740
 -10.35020  66.46000
  -9.99041  66.91950
  -9.62999  67.37800
  -9.27031  67.08960
  -8.88140  67.56480
  -8.49189  68.03900
  -8.02709  67.64240
  -7.64768  68.07310
  -7.25250  67.81130
  -6.81090  68.27380
  -6.25933  67.78230
  -5.89099  68.21910
  -5.47188  68.60690
  -5.04193  68.19850
  -4.54877  68.75100
  -4.11762  68.34850
  -3.77068  68.66720
  -3.35132  68.27020
  -2.88800  67.89210
  -2.54022  68.24900
  -2.08765  67.78840
  -1.91296  67.92910
  -1.43996  67.36710
  -1.03960  67.66200
  -0.57788  67.02310
  -0.33984  67.20890
  -0.03884  66.83920
   0.33713  67.15940
   0.72201  66.65730
   1.06795  66.86980
   1.33138  66.49250
   1.62094  66.67280
   1.85871  66.33280
   2.05200  65.99230
   2.39253  66.17940
   2.75200  66.37950
   2.97150  65.96260
   3.29907  65.48900
   2.92078  65.21280
   3.29895  64.68220
   3.21695  64.61810
   3.60222  63.88980
   3.48212  63.81920
   3.70015  63.38820
   3.63067  63.33070
   3.89294  62.86780
   4.10805  63.00230
   4.52272  62.45680
   4.91131  61.99970
   5.26156  61.52930
   5.48967  61.65730
   5.90952  61.14170
   6.30983  60.67010
   6.76686  60.03830
   6.95076  60.17890
   7.31217  59.69970
   7.67308  59.21970
   7.76825  59.30920
   8.09719  58.88000
   8.16694  58.91830
   8.40075  58.61060
   8.64690  58.25140
   8.86262  58.43020
   9.08978  58.14760
   9.29259  58.26250
   9.45008  58.01840
   9.53244  58.06300
   9.94156  57.49060
   9.68141  57.26060
   9.85747  57.02890
   9.85724  56.97750
   9.97076  56.91920
  10.43360  57.13750
  10.89630  57.35640
  11.35890  57.57600
  11.82130  57.79630
  12.28350  58.01740
  12.74550  58.23920
  13.00230  57.86750
  13.13770  57.63920
  13.30900  57.73270
  13.45090  57.80960
  13.52250  57.68910
  13.64300  57.47750
  13.74000  57.30150
  13.77180  57.29900
  13.84760  57.13970
  13.93720  56.96880
  14.06810  57.03720
  14.14070  56.90310
  14.20760  56.76160
  14.30210  56.81880
  14.62320  56.26520
  14.64330  56.20790
  14.62130  56.17910
  14.64110  56.05740
  14.69230  55.82180
  14.72160  55.66850
  14.68140  55.63120
  14.72920  55.48000
  14.78850  55.27780
  14.85050  55.10840
  14.71160  55.04730
  14.72720  54.95760
  14.80100  54.73080
  14.86980  54.54890
  14.76010  54.51100
  14.62100  54.45050
  14.63990  54.38730
  14.67070  54.33190
  14.68140  54.28740
  14.69140  54.24930
  14.70960  54.19260
  14.73280  54.14940
  14.77220  54.06870
  14.65730  54.01770
  14.48940  53.92870
  14.35090  53.86250
  14.36150  53.81800
  14.44080  53.57900
  14.51180  53.35840
  14.56230  53.22020
  14.53790  53.21130
  14.55860  53.12220
  14.62210  52.90710
  14.68130  52.73700
  14.56150  52.66720
  14.59720  52.54690
  14.66250  52.29920
  14.68870  52.13890
  14.35300  51.94000
  14.02830  51.76250
  13.66730  51.56980
  13.45760  51.44870
  13.27180  51.34290
  13.12230  51.25320
  13.19230  51.07900
  13.27940  50.84160
  13.36180  50.66150
  13.21810  50.57300
  13.27250  50.42940
  13.31250  50.31020
  13.22900  50.25240
  13.12250  50.16730
  13.16750  50.06140
  13.25120  49.84910
  13.31280  49.68000
  13.16860  49.59260
  13.00780  49.47210
  13.04190  49.42960
  12.89730  49.34900
  12.80190  49.27840
  12.85280  49.07050
  12.90840  48.88200
  12.76980  48.80250
  12.65760  48.69920
  12.69060  48.56710
  12.72890  48.44790
  12.57260  48.34870
  12.60230  48.26750
  12.64070  48.14200
  12.67100  48.04790
  12.58070  47.99140
  12.46110  47.90140
  12.49230  47.78830
  12.51850  47.64940
  12.44090  47.58750
  12.36870  47.53890
  12.43010  47.31900
  12.46300  47.16130
  12.35870  47.13030
  12.38770  47.04890
  12.40300  46.99230
  12.30020  46.92970
  12.21080  46.84870
  12.24820  46.71680
  12.29210  46.57890
  12.20190  46.51080
  12.08750  46.42900
  12.14250  46.31070
  12.17240  46.19760
  12.11230  46.15030
  12.05810  46.10970
  12.10020  45.85090
  12.15190  45.64960
  12.15860  45.63720
  12.07300  45.60180
  11.98290  45.52180
  12.01760  45.42800
  12.05250  45.32770
  11.99830  45.28110
  11.99890  45.09690
  12.01160  44.91320
  12.01890  44.88170
  12.02240  44.78020
  12.01260  44.51310
  12.00800  44.04930
  10.96725  42.44078
  10.91139  42.64043
  10.90075  42.55834
  10.86586  42.48047
  10.83936  42.40755
  10.82640  42.33108
  10.82772  42.15701
  10.84060  41.98332
  10.86474  41.73474
  10.79971  41.50249
  10.61945  41.40095
  10.41459  41.34532
  10.26786  41.27465
  10.12303  41.20077
   9.98053  41.15338
   9.83825  41.10530
   9.67992  41.01083
   9.53606  40.89417
   9.39502  40.78055
   9.25642  40.66408
   9.02417  40.41960
   8.82081  40.15068
   8.57417  39.86605
   8.29697  39.61051
   7.70125  39.18601
   7.05889  38.83430
   6.44077  38.51041
   5.87898  38.10153
   5.87457  38.09732
   5.87898  38.10153
   5.47451  37.67807
   5.04119  37.28536
   4.48462  36.96004
   3.88132  36.73185
   3.24182  36.61089
   2.59094  36.58219
   1.94710  36.59704
   1.30613  36.65808
   0.59293  36.78860
  -0.10000  36.99981
  -0.75873  37.34416
  -1.35843  37.78569
  -1.94416  38.27913
  -2.53562  38.76552
  -3.14186  39.18222
  -3.78299  39.54336
  -4.11338  39.90761
  -4.44806  40.06284
  -4.77656  40.19757
  -5.11979  40.28654
  -5.46771  40.29977
  -5.81148  40.24299
  -6.14810  39.94709
  -6.49238  39.88818
  -6.82110  39.93382
  -7.12952  40.06043
  -7.44970  40.22580
  -7.76725  40.39620
  -8.44300  40.76260
  -9.11782  41.13075
  -9.79260  41.49213
 -10.47381  41.84135
 -10.80184  41.99075
 -11.12469  42.15051
 -11.39655  42.36454
 -11.59391  42.64867
 -11.85502  43.34047
 -12.05014  44.05602
 -12.23558  44.80945
 -12.24490  45.57734
 -12.25496  46.35208
 -12.24401  47.11847
 -12.09362  47.86985
 -12.02213  48.63244
 -12.02213  49.00213
 -12.07752  49.36610
 -12.21601  49.68427
 -12.41956  49.96591
 -12.97102  50.44396
 -13.62051  50.77972
 -15.03738  51.03047
 -16.47190  50.84889
 -17.89968  50.39684
 -19.24399  49.73780
 -20.48192  48.86430
 -21.72580  47.99866
 -22.38542  47.67330
