SS
  -5.94643 153.51900
  -5.74072 153.10700
  -5.64024 152.65300
  -5.75490 152.25700
  -5.92553 151.87600
  -6.21031 151.51900
  -6.44252 151.14800
  -6.69359 150.66300
  -6.88149 150.14600
  -6.93936 149.86000
  -7.03217 149.31400
  -7.39451 148.58700
  -7.47525 148.73300
  -7.60693 148.94400
  -7.66468 149.14800
  -7.66492 149.33400
  -7.62419 149.60900
  -7.61219 149.86600
  -7.62900 150.17300
  -7.68698 150.55500
  -7.75724 150.91700
  -7.85219 151.30700
  -7.95532 151.68000
  -8.10364 152.06200
  -8.26014 152.41100
  -8.38779 152.68500
  -8.54419 152.95900
  -8.68401 153.10800
  -8.78265 153.17000
  -8.88951 153.23700
  -9.18615 153.25500
  -8.96649 153.69700
  -8.63265 154.08700
  -8.29620 154.48100
  -7.96237 154.87200
  -7.62863 155.26200
  -7.48875 155.45400
  -7.29284 154.92700
  -6.81779 154.54000
  -6.50689 154.22500
  -6.26500 153.93000
