SU
  -6.12225 120.62000
  -5.27551 120.51600
  -4.63970 120.34100
  -4.30293 119.95300
  -3.96595 119.56500
  -3.60956 118.82300
  -3.25522 118.57800
  -2.40821 118.72300
  -1.94980 118.88400
  -1.49138 119.04500
  -0.68033 119.29600
  -0.08103 119.47500
   0.71372 119.24900
   1.57712 119.30600
   2.03338 119.69600
   2.20752 120.18900
   2.31094 120.82400
   2.30853 121.66900
   2.37711 122.48000
   2.02386 123.21900
   2.00599 123.43000
   4.88000 123.74300
   4.88000 122.81600
   4.88000 121.88800
   4.88000 120.96100
   5.74739 120.83800
   6.61475 120.71500
   7.48209 120.59100
   8.34938 120.46600
   9.21664 120.34100
  10.08390 120.21600
  10.95100 120.09000
  11.81810 119.96300
  12.68520 119.83500
  13.11240 119.52500
  13.53930 119.21300
  14.06270 119.02900
  14.79730 118.88100
  15.30590 119.00000
  16.06740 119.11300
  16.55570 119.25500
  16.84020 119.24800
  17.62900 119.16100
  18.20140 119.27900
  18.87810 119.79500
  19.48680 120.11500
  19.84817 119.92655
  20.44482 120.07571
  21.38951 120.00113
  21.95090 120.03600
  22.26860 119.61800
  22.00310 118.95800
  22.10670 118.48400
  21.49830 118.04500
  20.71990 117.86400
  20.33010 117.50400
  19.93950 117.14500
  19.81530 116.31900
  19.68730 115.49400
  19.34050 114.92600
  18.82610 114.41900
  18.43770 114.00000
  18.28040 113.31300
  18.12070 112.62800
  18.03850 112.09800
  17.95480 111.56900
  17.86970 111.04000
  17.78310 110.51200
  17.78550 109.57300
  17.78350 108.63400
  17.77690 107.69500
  17.76590 106.75600
  17.75040 105.81700
  17.73050 104.87800
  17.70850 104.31200
  17.68480 103.74600
  17.65960 103.18000
  17.63270 102.61500
  17.35030 102.03200
  17.06630 101.45100
  16.57530 101.14100
  16.08380 100.83200
  15.46160 100.29700
  14.83810  99.76600
  14.44580  99.20980
  14.43400  98.29990
  14.41880  97.39000
  14.40000  96.48030
  14.12920  96.50310
  13.78250  95.85710
  12.91800  95.50460
  12.05300  95.15460
  11.18760  94.80680
  10.67900  94.41460
  10.17000  94.02380
   9.71684  94.21640
   9.27021  94.41460
   9.01948  93.98600
   8.68600  94.17120
   8.31186  94.42880
   7.84720  94.77470
   7.60272  94.45990
   7.13930  94.88260
   5.00000  98.00000
  -4.77476 106.00000
