SW
 -55.75390 -30.31570
 -55.86350 -30.32630
 -55.94910 -30.33430
 -56.05170 -30.33240
 -56.13450 -30.32530
 -56.29040 -30.33380
 -56.44340 -30.37790
 -56.44920 -30.72100
 -56.51100 -30.72710
 -56.56990 -30.74340
 -56.85930 -30.74310
 -56.85100 -30.46900
 -57.09370 -30.38000
 -57.09540 -30.12920
 -57.59950 -30.06920
 -57.59790 -29.85170
 -58.26190 -29.84420
 -58.27190 -30.00690
 -58.80520 -29.95090
 -58.81670 -29.56340
 -59.51380 -29.55470
 -59.51500 -30.10750
 -59.93700 -30.03140
 -60.17360 -29.88120
 -60.45870 -28.67710
 -60.46730 -27.70480
 -60.61710 -27.69670
 -60.50600 -26.88950
 -60.19100 -26.37090
 -59.97330 -26.13880
 -59.38580 -25.99590
 -58.92090 -25.90070
 -58.19500 -25.81940
 -57.42530 -25.99020
 -57.17360 -26.40270
 -56.73360 -26.82630
 -56.49200 -27.20020
 -56.20960 -27.62050
 -56.12440 -27.81400
 -55.93190 -28.14949
 -55.79480 -28.40440
 -55.70490 -28.64660
 -55.73340 -29.48850
