TO
 -23.74990 184.01500
 -23.51260 184.15800
 -23.22050 184.33700
 -22.90580 184.51100
 -22.61690 184.67700
 -22.28980 184.86100
 -21.91530 185.04800
 -21.52630 185.18200
 -21.24760 185.29700
 -20.89260 185.44900
 -20.58620 185.59700
 -20.20400 185.78200
 -19.77880 185.94700
 -19.46080 186.03000
 -19.07100 186.17600
 -18.77690 186.26400
 -18.48320 186.30200
 -18.15230 186.40900
 -17.93480 186.46000
 -17.67660 186.55500
 -17.27060 186.62600
 -16.96290 186.66500
 -16.71570 186.68900
 -16.33190 186.69300
 -16.04100 186.70000
 -15.73200 186.66900
 -15.56110 186.64500
 -15.37340 186.57200
 -15.31380 185.73600
 -15.25050 185.43300
 -15.37050 185.33300
 -15.47080 185.26900
 -15.61610 185.17800
 -15.73920 185.13400
 -15.88040 185.13000
 -15.93580 185.39900
 -16.05210 185.43200
 -16.20080 185.43100
 -16.35450 185.42400
 -16.59670 185.45000
 -16.73550 185.46500
 -16.87420 185.47100
 -17.06580 185.47700
 -17.10070 185.43500
 -17.31970 185.40100
 -17.36030 185.42900
 -17.61220 185.40300
 -17.63010 185.44000
 -17.84180 185.43200
 -18.03510 185.34100
 -18.23080 185.24300
 -18.41630 185.13000
 -18.60450 185.04400
 -18.78780 184.96500
 -19.00150 184.90500
 -19.22530 184.84500
 -19.45940 184.81100
 -19.70370 184.79000
 -19.38650 184.02100
 -19.65080 183.97300
 -19.81410 183.92100
 -19.88430 183.87800
 -20.10560 183.81800
 -20.12890 183.88400
 -20.26470 183.84800
 -20.42340 183.84100
 -20.49390 183.82400
 -20.65500 183.81000
 -20.79580 183.76300
 -20.89130 183.73600
 -20.99950 183.71100
 -21.11260 183.67800
 -21.30120 183.62800
 -21.48740 183.59500
 -21.60050 183.55100
 -21.81150 183.48000
 -22.00740 183.39900
 -22.23140 183.36500
 -22.28640 183.30900
 -22.50050 183.29100
 -22.73450 183.25200
 -23.04810 183.08700
 -23.41440 182.89800
 -23.70790 182.75000
 -24.10510 182.58100
 -24.02950 183.11300
 -23.95200 183.64400
 -23.85260 184.30900
