WL
  -8.10254 146.39800
  -8.41044 146.91800
  -8.59828 146.95400
  -8.88649 147.53900
  -9.21176 148.20700
  -9.56973 148.75100
  -9.35255 149.13300
  -9.80087 149.67600
  -9.94531 150.24500
  -9.68686 150.46600
  -9.68138 151.00500
  -9.67589 151.54500
  -9.76005 151.65400
  -9.76114 151.83400
  -9.90561 151.83800
  -9.93028 151.91800
  -9.94203 152.02400
  -9.94400 152.08600
  -9.94533 152.21400
 -10.03900 152.22300
 -10.04730 152.41300
 -10.05600 152.54700
 -10.07770 152.65100
 -10.08810 152.84900
 -10.38440 152.85500
 -10.39810 153.17400
 -10.39810 153.36200
 -10.35500 153.55200
 -10.34460 153.75200
 -10.32540 153.84700
 -10.34070 154.01000
 -10.33130 154.12500
 -10.32300 154.16900
 -10.27920 154.21900
  -9.91264 154.21800
  -9.87219 154.37900
  -9.81056 154.59600
  -9.76305 154.71900
  -9.72297 154.84900
  -9.83902 154.85600
  -9.83485 154.95100
  -9.79486 155.07000
  -9.72993 155.17200
  -9.62138 155.17200
  -9.55615 155.29100
  -9.53242 155.34700
  -9.49296 155.43600
  -9.56795 155.47300
  -9.53069 155.57700
  -9.58072 155.59900
  -9.54838 155.70800
  -9.52648 155.79700
  -9.57154 155.81300
  -9.55456 155.90800
  -9.54810 155.97900
  -9.55797 155.98900
  -9.53838 156.08600
  -9.40524 156.06600
  -9.38140 156.12400
  -9.26847 156.10100
  -9.22502 156.25800
  -9.20553 156.35000
  -9.17875 156.42800
  -8.80938 156.39000
  -8.59844 156.36100
  -8.38495 156.33100
  -8.17405 156.29600
  -7.88376 156.04700
  -7.70595 155.81200
  -7.48875 155.45400
  -7.62863 155.26200
  -7.96237 154.87200
  -8.29620 154.48100
  -8.63265 154.08700
  -8.96649 153.69700
  -9.18615 153.25500
  -8.88951 153.23700
  -8.78265 153.17000
  -8.68401 153.10800
  -8.54419 152.95900
  -8.38779 152.68500
  -8.26014 152.41100
  -8.10364 152.06200
  -7.95532 151.68000
  -7.85219 151.30700
  -7.75724 150.91700
  -7.68698 150.55500
  -7.62900 150.17300
  -7.61219 149.86600
  -7.62419 149.60900
  -7.66492 149.33400
  -7.66468 149.14800
  -7.60693 148.94400
  -7.47525 148.73300
  -7.39451 148.58700
  -7.31238 148.01000
