YA
  18.82610 114.41900
  19.34050 114.92600
  19.68730 115.49400
  19.81530 116.31900
  19.93950 117.14500
  20.33010 117.50400
  20.71990 117.86400
  21.49830 118.04500
  22.10670 118.48400
  22.00310 118.95800
  24.00000 119.61800
  25.25000 120.98100
  25.16490 122.55400
  24.85980 123.18200
  24.89850 123.72100
  25.01650 123.75500
  25.07020 124.14800
  25.11970 124.70500
  25.47510 124.69700
  25.56910 125.15900
  25.64370 125.73600
  25.92700 125.66300
  26.12330 126.06500
  26.37000 126.38300
  26.54030 126.47700
  26.81060 126.82000
  27.00570 126.74500
  27.14910 126.88500
  27.48550 127.41700
  27.66150 127.34700
  27.78960 127.59900
  28.05280 128.04900
  28.40100 128.55700
  28.70790 128.32100
  29.03210 128.68700
  29.35540 129.05500
  29.89310 128.64600
  30.10420 128.88100
  30.38700 128.84800
  30.58540 129.03200
  31.02450 128.81900
  31.26450 129.05900
  31.40940 129.12100
  31.79260 129.44200
  33.20932 129.74511
  33.60087 128.85760
  33.86190 127.91788
  34.09683 126.95206
  34.25210 126.26300
  33.56330 125.52100
  32.87010 124.79100
  32.17270 124.07200
  31.47130 123.36400
  31.50220 122.78000
  31.53050 122.19500
  31.55710 121.61100
  31.58100 121.02700
  31.39190 120.36800
  31.19940 119.71100
  31.37600 119.00100
  31.77630 118.57700
  32.17510 118.15000
  32.57250 117.71900
  32.96840 117.28400
  33.59300 116.52100
  34.21280 115.74600
  34.82770 114.96000
  34.84260 114.28000
  34.85380 113.59900
  34.46900 113.25000
  34.08330 112.90500
  33.46490 112.27400
  32.84340 111.65100
  32.25190 111.63300
  31.66030 111.61500
  31.25170 111.20900
  30.84180 110.80600
  30.56930 109.88000
  30.29030 108.95900
  30.00490 108.04300
  29.71320 107.13300
  29.25430 106.26200
  28.78980 105.39900
  28.33430 105.17000
  27.87840 104.94200
  27.11690 105.18200
  26.35490 105.41900
  25.79690 105.72000
  25.23830 106.01800
  24.64640 106.57800
  24.05240 107.13200
  23.45640 107.68100
  23.14080 108.56100
  22.82030 109.43600
  22.49510 110.30800
  22.16520 111.17500
  21.83070 112.03800
  21.40780 112.28800
  20.98450 112.53700
  20.56090 112.78400
  20.13690 113.03000
  19.71260 113.27400
  19.28800 113.51700
  18.86300 113.75900
  18.43770 114.00000
